name	lig_cov	poc_cov	lig_name	4A_crit	volume	surface	depth	surf/vol	ell c/a	ell b/a	siteAtms	accept	donor	hydrophobicity	metal	Cs	Ns	Os	Ss	Xs	negAA	posAA	polarAA	apolarAA	ALA	ARG	ASN	ASP	CYS	GLN	GLU	GLY	HIS	ILE	LEU	LYS	MET	PHE	PRO	SER	THR	TRP	TYR	VAL	simpleScore	drugScore
2gk9_P_0	0.0	0.0		0	912.7	1049.08	26.2	1.149424783609072	0.16	0.58	196	48	15	0.46	0	146	21	25	4	0	0.05	0.1	0.29	0.56	0	2	2	2	0	1	0	3	0	5	5	2	6	4	1	1	1	0	4	2	0.62	0.840108
2gk9_P_1	0.0	0.0		0	806.46	1443.85	15.93	1.7903553803040446	0.1	0.29	158	41	21	0.5	0	117	20	20	1	0	0.04	0.25	0.25	0.46	0	1	1	0	0	1	1	0	1	3	7	5	1	1	0	0	2	0	3	1	0.57	0.7949649999999999
2gk9_P_2	0.0	0.0		0	362.24	608.11	11.6	1.6787488957597174	0.08	0.12	74	26	13	0.34	0	47	14	13	0	0	0.19	0.25	0.12	0.44	0	3	1	3	0	1	0	0	1	1	1	0	1	0	2	0	0	0	0	2	0.18	0.559879
2gk9_P_3	0.0	0.0		0	265.09	391.39	12.96	1.4764419631068697	0.19	0.21	60	20	10	0.33	0	38	9	13	0	0	0.13	0.2	0.4	0.27	0	2	1	2	0	0	0	1	1	1	2	0	0	1	0	2	1	0	1	0	0.08	0.5102260000000001
2gk9_P_4	0.0	0.0		0	195.71	383.42	13.54	1.959123192478668	0.1	0.14	66	22	3	0.46	0	47	8	11	0	0	0.14	0.14	0.29	0.43	0	0	0	0	0	1	2	1	1	1	1	1	0	1	1	2	0	1	0	1	0.05	0.5077189999999999
2gk9_P_5	0.0	0.0		0	184.58	318.31	9.61	1.7245096976920575	0.34	0.52	45	10	9	0.58	0	32	8	5	0	0	0.0	0.2	0.2	0.6	0	1	1	0	0	0	0	0	1	0	1	0	0	2	1	1	0	1	0	1	0.08	0.359137
2gk9_P_6	0.0	0.0		0	167.3	291.62	12.67	1.7430962343096232	0.19	0.27	59	15	3	0.42	0	48	3	7	1	0	0.07	0.0	0.21	0.71	0	0	1	1	0	0	0	0	0	2	4	0	2	2	0	1	0	0	1	0	0.0	0.469081
2gk9_P_7	0.0	0.0		0	150.53	332.24	12.78	2.207134790407228	0.08	0.2	72	22	4	0.38	0	50	11	11	0	0	0.06	0.06	0.29	0.59	0	1	1	1	0	0	0	0	0	1	4	0	0	0	2	2	1	0	1	3	0.0	0.453883
2gk9_P_8	0.0	0.0		0	148.61	396.91	9.64	2.6708162304017224	0.07	0.22	41	18	3	0.45	0	30	2	9	0	0	0.12	0.25	0.5	0.12	0	1	1	0	0	2	1	0	0	0	0	1	0	1	0	0	0	0	1	0	0.0	0.256694
2gk9_P_9	0.0	0.0		0	144.13	160.66	12.33	1.1146881287726358	0.15	0.27	85	22	4	0.07	0	61	8	16	0	0	0.12	0.12	0.35	0.41	0	2	0	1	1	0	1	1	0	1	2	0	1	1	1	1	0	0	3	1	0.0	0.412803
2gk9_P_10	0.0	0.0		0	111.36	287.23	8.26	2.5792923850574714	0.24	0.41	45	6	8	0.46	0	33	9	3	0	0	0.0	0.27	0.18	0.55	0	2	1	0	0	0	0	0	1	1	1	0	0	2	1	1	0	0	0	1	0.0	0.244837
2gk9_P_11	0.0	0.0		0	105.66	172.7	6.69	1.6344879803142154	0.43	0.85	23	6	0	0.57	0	18	1	4	0	0	0.29	0.14	0.0	0.57	1	0	0	0	0	0	2	0	0	0	1	1	0	0	0	0	0	0	0	2	0.0	0.193755
2gs3_P_0	0.0	0.0		0	457.98	832.81	14.63	1.8184418533560416	0.07	0.2	110	33	16	0.5	0	76	17	16	1	0	0.17	0.17	0.25	0.42	3	1	3	2	0	0	2	1	1	1	1	2	1	2	1	1	0	1	1	0	0.33	0.69808
2gs3_P_1	0.0	0.0		0	308.61	681.59	16.42	2.208580408930365	0.17	0.25	88	17	13	0.58	0	58	18	11	1	0	0.05	0.24	0.33	0.38	1	1	1	0	0	0	1	4	0	2	1	4	1	0	1	0	1	1	1	1	0.22	0.6721590000000001
2gs3_P_2	0.0	0.0		0	274.37	391.64	14.24	1.427415533768269	0.11	0.16	68	20	6	0.28	0	47	9	12	0	0	0.27	0.13	0.07	0.53	2	0	0	3	0	0	1	0	0	1	0	2	1	2	0	0	0	0	1	2	0.07	0.6015149999999999
2gs3_P_3	0.0	0.0		0	202.94	415.81	11.24	2.0489307184389483	0.13	0.25	69	18	7	0.38	0	47	11	10	1	0	0.0	0.2	0.33	0.47	1	2	0	0	2	1	0	1	0	1	0	1	1	0	1	1	0	1	0	2	0.03	0.426685
2gs3_P_4	0.0	0.0		0	180.48	419.81	10.08	2.326074911347518	0.15	0.17	70	16	10	0.47	0	45	14	11	0	0	0.12	0.12	0.35	0.41	1	0	2	0	0	1	2	2	0	0	0	2	1	1	2	0	1	1	0	1	0.04	0.353733
2gs3_P_5	0.0	0.0		0	130.24	284.97	10.63	2.1880374692874693	0.15	0.27	58	18	4	0.46	0	40	7	11	0	0	0.14	0.0	0.36	0.5	2	0	0	0	0	1	2	1	0	1	0	0	1	1	1	2	0	0	1	1	0.0	0.34311
2gs3_P_6	0.0	0.0		0	107.07	312.28	8.24	2.9165966190342765	0.13	0.2	51	14	7	0.47	0	37	6	8	0	0	0.1	0.4	0.1	0.4	0	1	0	1	0	0	0	0	1	1	1	2	0	2	0	0	0	0	1	0	0.0	0.224717
2ojx_P_0	0.0	0.0		0	307.78	435.0	16.52	1.4133471960491262	0.12	0.69	107	29	9	0.4	0	74	15	16	2	0	0.0	0.08	0.31	0.62	1	1	1	0	2	1	0	1	1	2	5	0	1	1	2	1	2	1	0	3	0.15	0.6937840000000001
2ojx_P_1	0.0	0.0		0	303.23	689.28	17.83	2.2731260099594364	0.06	0.07	96	26	9	0.6	0	69	13	14	0	0	0.11	0.11	0.33	0.44	0	1	1	1	1	1	1	0	0	3	0	1	0	1	2	1	2	1	0	1	0.23	0.717675
2ojx_P_2	0.0	0.0		0	230.46	390.35	8.76	1.6937863403627529	0.3	0.36	63	22	11	0.2	0	41	9	12	1	0	0.27	0.27	0.27	0.2	0	2	0	2	1	1	2	0	0	1	1	2	0	1	0	0	0	0	2	0	0.0	0.300731
2ojx_P_3	0.0	0.0		0	158.72	371.62	8.25	2.3413558467741935	0.18	0.28	48	16	7	0.45	0	35	6	7	0	0	0.11	0.11	0.44	0.33	1	1	0	1	0	1	0	0	0	0	0	0	0	2	0	2	0	0	1	0	0.0	0.254309
2ojx_P_4	0.0	0.0		0	135.1	365.44	8.48	2.704959289415248	0.19	0.35	34	8	7	0.63	0	23	7	4	0	0	0.0	0.3	0.3	0.4	0	1	1	0	0	0	0	1	2	0	2	0	1	0	1	1	0	0	0	0	0.04	0.254362
2ojx_P_5	0.0	0.0		0	127.68	116.47	11.95	0.9122023809523808	0.16	0.42	85	22	8	0.09	0	61	10	14	0	0	0.0	0.05	0.35	0.6	0	1	0	0	0	2	0	1	0	2	7	0	0	0	1	1	0	0	3	2	0.0	0.400342
2ojx_P_6	0.0	0.0		0	126.4	262.52	7.29	2.076898734177215	0.59	0.8	38	12	3	0.62	0	24	8	6	0	0	0.0	0.25	0.25	0.5	0	0	1	0	0	0	0	0	1	1	0	1	0	2	0	0	1	1	0	0	0.02	0.220448
2ojx_P_7	0.0	0.0		0	124.61	253.68	7.21	2.0357916700104326	0.3	0.34	49	16	7	0.26	0	34	8	7	0	0	0.09	0.09	0.64	0.18	0	1	2	1	0	1	0	1	0	0	1	0	0	0	0	2	0	0	1	1	0.0	0.17214100000000002
2ojx_P_8	0.0	0.0		0	115.84	211.71	6.85	1.8276070441988952	0.44	0.59	33	14	4	0.36	0	23	4	6	0	0	0.0	0.0	0.56	0.44	0	0	1	0	0	0	0	1	0	0	2	0	0	1	0	2	0	1	1	0	0.0	0.192942
2ojx_P_9	0.0	0.0		0	112.06	227.81	8.85	2.032928788149206	0.29	0.66	35	14	5	0.37	0	24	5	6	0	0	0.11	0.22	0.22	0.44	1	1	1	0	0	0	1	0	0	0	1	1	0	0	1	1	0	0	0	1	0.0	0.255168
3pfv_P_0	0.0	0.0		0	655.62	837.3	21.65	1.2771117415576094	0.1	0.26	212	50	18	0.43	0	159	25	27	1	0	0.05	0.07	0.27	0.61	4	2	0	0	1	1	2	0	1	4	6	0	2	4	2	2	5	2	2	1	0.45	0.8480209999999999
3pfv_P_1	0.0	0.0		0	449.09	490.82	15.52	1.0929212407312563	0.22	0.29	93	34	9	0.26	0	64	12	17	0	0	0.17	0.17	0.39	0.28	0	2	0	1	0	1	2	0	0	1	2	1	0	0	2	3	2	0	1	0	0.22	0.6957840000000001
3pfv_P_2	0.0	0.0		0	332.42	458.5	15.84	1.37927922507671	0.11	0.2	94	26	11	0.16	0	66	13	15	0	0	0.0	0.16	0.32	0.53	0	1	2	0	0	2	0	1	1	0	4	1	0	2	3	1	0	1	0	0	0.08	0.684268
3pfv_P_3	0.0	0.0		0	227.46	389.35	11.32	1.7117295348632726	0.13	0.22	57	14	6	0.52	0	43	6	8	0	0	0.08	0.15	0.23	0.54	0	1	1	1	0	0	0	0	0	1	3	1	1	1	0	1	1	0	0	1	0.11	0.459998
3pfv_P_4	0.0	0.0		0	223.36	338.55	11.58	1.515714541547278	0.33	0.35	60	18	6	0.31	0	40	11	9	0	0	0.2	0.2	0.27	0.33	1	2	1	2	0	0	1	2	0	1	0	1	0	1	0	0	1	1	0	1	0.03	0.436105
3pfv_P_5	0.0	0.0		0	194.75	326.08	8.82	1.674351732991014	0.19	0.42	41	16	2	0.55	0	31	3	6	1	0	0.17	0.0	0.33	0.5	1	0	0	2	1	0	0	0	0	1	2	0	0	0	2	1	1	0	1	0	0.08	0.33019
3pfv_P_6	0.0	0.0		0	178.82	366.54	10.13	2.0497707191589307	0.24	0.29	68	18	10	0.28	0	47	10	11	0	0	0.08	0.15	0.38	0.38	0	1	1	1	0	0	0	0	1	1	2	0	0	1	1	1	1	0	2	0	0.0	0.349866
3pfv_P_7	0.0	0.0		0	161.6	323.88	8.11	2.004207920792079	0.19	0.26	39	14	4	0.42	0	28	4	7	0	0	0.17	0.08	0.33	0.42	1	0	0	1	0	1	1	1	0	2	0	1	0	1	1	0	1	0	1	0	0.0	0.264838
3pfv_P_8	0.0	0.0		0	139.58	287.49	9.37	2.059679037111334	0.15	0.2	37	10	9	0.32	0	25	7	4	1	0	0.11	0.33	0.22	0.33	0	2	1	0	1	0	1	0	0	1	2	1	0	0	0	0	0	0	0	0	0.0	0.28008
3pfv_P_9	0.0	0.0		0	130.75	279.87	7.02	2.1404971319311663	0.38	0.75	40	8	9	0.39	0	28	7	5	0	0	0.33	0.11	0.33	0.22	0	0	1	2	0	0	1	0	0	1	0	1	0	1	0	0	1	0	1	0	0.0	0.17696099999999998
3pfv_P_10	0.0	0.0		0	116.1	89.42	9.62	0.7701981050818261	0.32	0.5	65	15	4	0.1	0	44	4	16	1	0	0.15	0.0	0.54	0.31	0	0	1	0	0	0	2	0	0	3	0	0	1	0	0	2	1	0	3	0	0.0	0.26673800000000003
3pfv_P_11	0.0	0.0		0	103.55	229.66	7.44	2.2178657653307585	0.43	0.73	43	6	0	0.74	0	35	2	5	1	0	0.14	0.0	0.14	0.71	0	0	0	1	0	0	0	0	0	0	1	0	1	0	1	0	0	1	1	1	0.03	0.223793
4n22_P_0	0.0	0.0		0	1375.06	1147.44	21.79	0.8344654051459574	0.11	0.17	307	91	32	0.22	0	209	44	52	2	0	0.12	0.09	0.28	0.51	2	4	4	3	1	1	5	6	1	6	2	1	3	8	5	2	3	0	1	7	0.57	0.8133239999999999
4n22_P_1	0.0	0.0		0	639.45	782.67	16.53	1.223973727422003	0.09	0.13	107	32	9	0.47	0	76	12	19	0	0	0.19	0.12	0.27	0.42	0	3	0	4	0	0	1	1	0	0	3	0	1	2	1	3	3	0	0	4	0.45	0.78264
4n22_P_2	0.0	0.0		0	366.39	795.84	17.72	2.172111684270859	0.16	0.39	106	34	10	0.44	0	75	12	18	1	0	0.13	0.04	0.39	0.43	0	1	2	2	2	0	1	3	0	2	3	0	0	1	2	0	0	1	2	1	0.23	0.7392029999999999
4n22_P_3	0.0	0.0		0	347.01	564.34	14.94	1.6262931903979714	0.15	0.42	94	36	15	0.27	0	67	11	16	0	0	0.11	0.11	0.33	0.44	1	1	0	0	0	1	2	0	0	1	3	1	0	0	1	0	2	0	3	2	0.14	0.656123
4n22_P_4	0.0	0.0		0	341.1	520.9	8.59	1.5271181471709174	0.25	0.79	74	32	10	0.32	0	49	10	15	0	0	0.18	0.12	0.29	0.41	1	1	0	1	0	0	2	0	0	0	2	1	0	1	2	3	2	0	0	1	0.15	0.429009
4n22_P_5	0.0	0.0		0	326.72	425.03	14.93	1.3008998530852105	0.2	0.38	85	40	8	0.2	0	53	12	18	2	0	0.24	0.1	0.24	0.43	0	0	1	4	1	0	1	2	1	0	3	1	1	2	1	1	0	0	0	2	0.09	0.643721
4n22_P_6	0.0	0.0		0	304.64	545.61	14.97	1.7909992121848741	0.07	0.12	56	18	11	0.45	0	38	10	8	0	0	0.12	0.18	0.41	0.29	0	2	1	1	2	0	1	2	1	0	1	0	0	1	0	0	0	0	2	3	0.17	0.614414
4n22_P_7	0.0	0.0		0	293.22	619.52	12.64	2.112816315394584	0.07	0.08	67	21	9	0.53	0	49	8	9	1	0	0.0	0.29	0.24	0.47	1	2	0	0	0	1	0	0	1	0	0	2	1	1	4	1	1	0	1	1	0.19	0.553208
4n22_P_8	0.0	0.0		0	273.83	508.96	14.35	1.8586714384837308	0.15	0.16	74	12	13	0.54	0	57	11	6	0	0	0.0	0.27	0.13	0.6	1	1	1	0	0	0	0	1	0	2	2	3	1	3	0	0	0	0	0	0	0.17	0.608846
4n22_P_9	0.0	0.0		0	258.04	332.39	14.51	1.2881336226941558	0.11	0.12	71	26	8	0.31	0	47	11	13	0	0	0.16	0.16	0.21	0.47	2	2	0	2	0	2	1	1	0	1	0	1	0	1	2	1	0	2	0	1	0.06	0.5942
4n22_P_10	0.0	0.0		0	235.19	279.09	15.08	1.1866575959862238	0.19	0.23	71	22	7	0.15	0	51	9	11	0	0	0.1	0.15	0.2	0.55	2	1	0	2	0	1	0	2	1	1	0	1	2	2	1	1	0	0	0	3	0.0	0.604049
4n22_P_11	0.0	0.0		0	233.13	600.62	12.62	2.5763308025565137	0.14	0.35	69	26	13	0.41	0	46	10	13	0	0	0.0	0.19	0.5	0.31	1	1	2	0	0	1	0	1	0	0	1	2	0	0	1	2	1	1	1	1	0.07	0.482194
4n22_P_12	0.0	0.0		0	217.73	469.66	10.33	2.157075276718872	0.13	0.2	63	18	9	0.43	0	40	10	13	0	0	0.08	0.15	0.46	0.31	0	2	0	0	0	0	1	2	0	0	1	0	0	1	1	3	0	1	1	0	0.06	0.373804
4n22_P_13	0.0	0.0		0	175.62	278.85	8.47	1.5878032114793306	0.32	0.52	49	16	8	0.38	0	33	7	9	0	0	0.17	0.17	0.5	0.17	0	1	0	2	0	0	0	2	1	0	0	0	0	1	0	2	0	1	2	0	0.0	0.242808
4n22_P_14	0.0	0.0		0	166.63	403.12	11.51	2.4192522354918085	0.19	0.3	66	14	7	0.5	0	48	10	7	1	0	0.18	0.18	0.27	0.36	0	0	0	1	1	0	1	1	1	1	1	1	0	1	0	0	0	0	1	1	0.03	0.390803
4n22_P_15	0.0	0.0		0	155.72	294.93	7.29	1.8939763678397123	0.4	0.55	40	10	7	0.29	0	28	7	5	0	0	0.22	0.33	0.0	0.44	0	2	0	1	0	0	1	0	0	1	1	1	0	0	1	0	0	0	0	1	0.0	0.236248
4n22_P_16	0.0	0.0		0	153.54	446.93	9.14	2.910837566757848	0.13	0.31	56	22	8	0.4	0	35	9	12	0	0	0.15	0.08	0.46	0.31	3	0	0	1	0	1	1	0	1	0	0	0	1	0	0	4	1	0	0	0	0.0	0.277985
4n22_P_17	0.0	0.0		0	151.1	293.39	8.35	1.9416942422236927	0.34	0.42	38	16	5	0.3	0	24	6	8	0	0	0.2	0.0	0.4	0.4	0	0	1	1	0	0	1	1	0	1	1	0	0	1	0	1	1	0	0	1	0.0	0.26256
4n22_P_18	0.0	0.0		0	129.92	242.99	6.28	1.8703048029556653	0.19	0.33	33	12	1	0.48	0	24	3	6	0	0	0.0	0.22	0.11	0.67	0	0	0	0	0	0	0	0	0	2	0	2	0	1	3	0	1	0	0	0	0.0	0.20695
4n22_P_19	0.0	0.0		0	123.37	339.62	7.43	2.752857258652833	0.25	0.45	39	16	3	0.34	0	29	3	7	0	0	0.17	0.17	0.17	0.5	0	1	0	1	0	0	1	1	0	0	1	1	0	2	2	1	0	0	0	1	0.0	0.222693
4n22_P_20	0.0	0.0		0	121.57	331.58	6.88	2.727482109072962	0.15	0.26	41	16	6	0.33	0	25	7	8	1	0	0.2	0.2	0.3	0.3	0	0	1	2	1	0	0	0	0	0	1	2	0	0	2	0	1	0	0	0	0.0	0.17898699999999998
4n22_P_21	0.0	0.0		0	119.52	327.62	9.64	2.7411311914323964	0.25	0.4	60	16	5	0.43	0	43	9	8	0	0	0.0	0.25	0.25	0.5	0	1	0	0	0	0	0	2	0	2	1	2	2	1	0	1	0	0	0	0	0.0	0.295998
4n22_P_22	0.0	0.0		0	119.01	111.32	10.94	0.9353835812116628	0.12	0.38	71	14	8	0.04	0	50	11	10	0	0	0.06	0.0	0.06	0.88	3	0	1	0	0	0	1	0	0	0	2	0	2	4	2	0	0	0	0	1	0.0	0.353211
4n22_P_23	0.0	0.0		0	100.39	175.63	8.34	1.7494770395457715	0.37	0.81	43	10	6	0.2	0	31	6	5	1	0	0.09	0.18	0.27	0.45	0	0	0	0	1	1	1	1	0	1	0	2	1	2	1	0	0	0	0	0	0.0	0.229485
5c97_P_0	0.0	0.0		0	733.35	1072.45	16.47	1.4623985818504126	0.14	0.18	158	61	27	0.3	0	98	26	33	1	0	0.25	0.11	0.36	0.28	2	1	1	3	0	1	6	1	0	0	3	3	2	1	0	4	5	0	1	2	0.44	0.7703979999999999
5c97_P_1	0.0	0.0		0	699.96	729.0	16.36	1.0414880850334305	0.45	0.71	152	38	11	0.45	0	114	15	23	0	0	0.07	0.07	0.27	0.6	1	0	3	0	0	2	2	1	0	2	7	2	1	5	0	1	0	1	1	1	0.49	0.8040010000000001
5c97_P_2	0.0	0.0		0	486.55	711.51	17.02	1.4623574144486688	0.27	0.47	110	50	12	0.29	0	72	15	23	0	0	0.15	0.19	0.42	0.23	1	1	2	1	1	0	3	1	2	0	1	2	0	1	1	3	3	0	1	2	0.26	0.735154
5c97_P_3	0.0	0.0		0	426.95	542.25	19.86	1.2700550415739549	0.08	0.41	120	39	15	0.27	0	81	17	21	1	0	0.11	0.19	0.37	0.33	0	1	0	2	0	2	1	1	1	1	1	3	1	1	2	5	1	2	1	1	0.21	0.791201
5c97_P_4	0.0	0.0		0	323.57	366.43	17.04	1.1324597459591434	0.13	0.2	86	24	10	0.32	0	57	15	14	0	0	0.09	0.18	0.32	0.41	1	2	0	1	0	2	1	0	2	2	1	0	0	1	2	2	1	2	2	0	0.14	0.703
5c97_P_5	0.0	0.0		0	319.31	632.37	12.37	1.9804265447370888	0.15	0.31	70	26	8	0.63	0	50	8	12	0	0	0.17	0.08	0.33	0.42	1	0	1	0	0	1	2	1	1	1	1	0	0	0	0	0	0	1	1	1	0.25	0.553971
5c97_P_6	0.0	0.0		0	316.92	544.88	18.12	1.7192982456140349	0.06	0.11	104	30	8	0.49	0	74	14	16	0	0	0.11	0.11	0.39	0.39	0	1	2	1	0	2	1	1	0	0	3	1	1	3	0	2	0	0	0	0	0.2	0.726661
5c97_P_7	0.0	0.0		0	301.22	326.34	12.53	1.0833941969324743	0.19	0.28	67	26	7	0.15	0	46	6	13	2	0	0.22	0.11	0.28	0.39	1	0	2	0	0	1	4	1	2	0	1	0	2	2	0	0	0	1	1	0	0.05	0.542416
5c97_P_8	0.0	0.0		0	291.24	334.45	11.24	1.1483656091196264	0.2	0.44	67	14	8	0.27	0	52	7	8	0	0	0.06	0.25	0.31	0.38	0	1	2	0	0	0	1	0	0	0	2	3	1	3	0	1	0	0	2	0	0.08	0.484179
5c97_P_9	0.0	0.0		0	288.05	535.25	15.28	1.858184342996008	0.11	0.37	65	24	10	0.35	0	44	8	13	0	0	0.31	0.12	0.12	0.44	1	0	0	1	0	0	4	0	0	1	1	2	0	0	2	0	1	0	1	2	0.11	0.634069
5c97_P_10	0.0	0.0		0	273.28	441.76	14.76	1.6165105386416865	0.18	0.27	70	19	5	0.41	0	52	7	10	1	0	0.07	0.13	0.4	0.4	0	0	1	0	0	1	1	1	0	2	1	2	1	1	0	1	1	1	1	0	0.12	0.604341
5c97_P_11	0.0	0.0		0	250.26	268.15	10.11	1.0714856549188845	0.21	0.4	60	24	7	0.26	0	40	6	14	0	0	0.36	0.07	0.14	0.43	3	0	0	2	0	0	3	0	0	0	2	1	0	1	0	0	2	0	0	0	0.04	0.416233
5c97_P_12	0.0	0.0		0	240.15	479.8	11.75	1.9979179679367065	0.12	0.15	54	16	4	0.62	0	40	6	8	0	0	0.2	0.2	0.3	0.3	0	1	0	1	0	1	1	0	0	0	1	1	0	1	0	0	1	1	1	0	0.17	0.449999
5c97_P_13	0.0	0.0		0	226.05	293.56	15.47	1.2986507409865071	0.07	0.34	75	20	2	0.27	0	55	7	13	0	0	0.11	0.06	0.17	0.67	2	0	0	1	0	0	1	0	1	2	5	0	0	1	0	0	2	0	1	2	0.01	0.613684
5c97_P_14	0.0	0.0		0	212.74	249.25	14.96	1.1716179373883613	0.1	0.17	55	16	2	0.33	0	38	5	12	0	0	0.08	0.08	0.33	0.5	2	1	0	0	1	1	1	0	0	2	0	0	0	0	0	0	1	0	1	2	0.02	0.5811189999999999
5c97_P_15	0.0	0.0		0	191.05	246.79	13.35	1.2917560847945562	0.17	0.23	49	16	4	0.52	0	38	3	8	0	0	0.0	0.27	0.36	0.36	1	1	0	0	0	0	0	0	0	0	1	2	0	2	0	2	2	0	0	0	0.07	0.487537
5c97_P_16	0.0	0.0		0	189.72	372.49	8.93	1.9633670672570105	0.41	0.59	51	20	9	0.28	0	34	7	10	0	0	0.08	0.0	0.5	0.42	0	0	1	0	0	2	1	1	0	1	1	0	0	1	0	0	1	1	1	1	0.0	0.317918
5c97_P_17	0.0	0.0		0	184.54	358.37	10.88	1.94196380188577	0.27	0.33	51	16	13	0.33	0	31	8	12	0	0	0.14	0.07	0.5	0.29	0	0	1	2	0	1	0	0	0	0	1	1	1	0	0	4	1	2	0	0	0.0	0.364035
5c97_P_18	0.0	0.0		0	181.87	366.61	13.2	2.015780502556771	0.1	0.13	64	16	4	0.67	0	48	9	7	0	0	0.08	0.23	0.15	0.54	0	0	0	0	0	0	1	0	2	0	4	1	0	2	1	1	1	0	0	0	0.12	0.494282
5c97_P_19	0.0	0.0		0	181.48	324.11	11.2	1.7859268238924402	0.24	0.57	60	16	0	0.27	0	41	8	11	0	0	0.25	0.17	0.0	0.58	1	1	0	2	0	0	1	0	0	2	1	1	0	0	1	0	0	1	0	1	0.0	0.418796
5c97_P_20	0.0	0.0		0	171.9	227.05	9.55	1.320826061663758	0.3	0.45	64	18	4	0.24	0	44	8	11	1	0	0.0	0.0	0.5	0.5	0	0	2	0	0	0	0	1	0	1	2	0	2	0	1	1	1	0	2	1	0.0	0.338096
5c97_P_21	0.0	0.0		0	156.6	379.31	9.44	2.4221583652618137	0.25	0.85	49	14	12	0.35	0	35	8	6	0	0	0.08	0.17	0.33	0.42	0	1	1	1	0	1	0	0	1	1	2	0	0	0	1	0	1	0	1	1	0.0	0.309527
5c97_P_22	0.0	0.0		0	154.6	260.22	13.36	1.6831824062095733	0.1	0.15	67	20	7	0.18	0	47	9	11	0	0	0.06	0.06	0.33	0.56	0	0	0	1	0	0	0	1	0	2	4	1	0	0	0	3	0	0	2	4	0.0	0.478361
5c97_P_23	0.0	0.0		0	154.33	383.1	11.62	2.48234303116698	0.15	0.21	50	18	8	0.41	0	32	8	9	1	0	0.0	0.0	0.54	0.46	1	0	1	0	1	3	0	1	0	1	2	0	0	1	0	0	1	1	0	0	0.0	0.398565
5c97_P_24	0.0	0.0		0	152.34	274.47	8.92	1.8016935801496647	0.41	0.56	44	18	6	0.23	0	29	6	9	0	0	0.0	0.0	0.58	0.42	2	0	1	0	0	0	0	2	0	1	0	0	0	2	0	2	1	0	1	0	0.0	0.286378
5c97_P_25	0.0	0.0		0	147.95	182.69	9.66	1.2348090571138899	0.46	0.52	38	16	4	0.05	0	24	5	9	0	0	0.33	0.08	0.0	0.58	1	0	0	2	0	0	2	0	0	0	3	1	0	0	0	0	0	1	0	2	0.0	0.329804
5c97_P_26	0.0	0.0		0	139.43	345.46	10.42	2.4776590403786845	0.18	0.21	63	22	10	0.38	0	44	9	10	0	0	0.21	0.14	0.5	0.14	0	1	1	0	0	0	3	1	0	0	1	1	0	0	0	1	2	0	2	1	0.0	0.283425
5c97_P_27	0.0	0.0		0	134.24	125.84	12.02	0.9374255065554232	0.13	0.23	76	8	4	0.37	0	57	9	8	2	0	0.0	0.12	0.44	0.44	0	0	2	0	0	0	0	1	0	0	3	2	2	0	0	2	1	1	1	1	0.0	0.394024
5c97_P_28	0.0	0.0		0	131.72	345.26	7.22	2.621166109930155	0.25	0.3	34	10	5	0.46	0	24	5	5	0	0	0.1	0.1	0.4	0.4	1	0	0	0	0	0	1	2	1	3	0	0	0	0	0	1	1	0	0	0	0.0	0.210071
5c97_P_29	0.0	0.0		0	130.12	324.68	7.99	2.4952351675376576	0.55	0.67	33	14	4	0.38	0	23	3	7	0	0	0.14	0.14	0.29	0.43	0	1	1	1	0	0	0	0	0	0	2	0	0	1	0	0	0	0	1	0	0.0	0.23772
5c97_P_30	0.0	0.0		0	128.12	285.4	7.38	2.227599125819544	0.42	0.58	41	8	3	0.5	0	29	5	7	0	0	0.22	0.11	0.33	0.33	0	0	0	0	0	1	2	0	0	0	0	1	1	1	1	2	0	0	0	0	0.0	0.203231
5c97_P_31	0.0	0.0		0	125.6	211.74	6.23	1.6858280254777072	0.36	0.61	38	14	6	0.33	0	25	6	7	0	0	0.11	0.33	0.22	0.33	0	1	1	0	0	0	1	0	0	2	0	2	0	1	0	0	0	0	1	0	0.0	0.167871
5c97_P_32	0.0	0.0		0	119.48	84.44	9.83	0.7067291596919986	0.19	0.44	61	13	11	0.0	0	42	9	9	1	0	0.0	0.07	0.4	0.53	0	0	4	0	0	0	0	0	0	1	2	1	2	0	0	0	0	1	2	2	0.0	0.306587
5c97_P_33	0.0	0.0		0	116.28	208.62	11.38	1.7941176470588236	0.13	0.2	54	8	3	0.31	0	43	4	6	1	0	0.0	0.0	0.31	0.69	0	0	0	0	1	1	0	0	0	1	2	0	0	3	0	1	1	1	0	2	0.0	0.369764
5c97_P_34	0.0	0.0		0	114.42	205.43	6.98	1.795402901590631	0.45	0.76	33	12	4	0.27	0	25	3	5	0	0	0.09	0.18	0.27	0.45	1	0	0	1	0	0	0	0	0	0	1	2	1	1	1	1	1	0	1	0	0.0	0.197099
5c97_P_35	0.0	0.0		0	113.89	235.93	7.45	2.071560277460708	0.4	0.49	41	18	8	0.04	0	23	8	10	0	0	0.17	0.17	0.58	0.08	0	2	1	2	0	0	0	0	0	0	0	0	1	0	0	3	2	0	1	0	0.0	0.15611
5c97_P_36	0.0	0.0		0	113.09	276.41	7.13	2.4441595189671945	0.52	0.68	35	7	4	0.52	0	25	6	3	1	0	0.25	0.38	0.0	0.38	0	1	0	2	0	0	0	0	1	0	1	1	1	0	0	0	0	0	0	1	0.0	0.190954
5c97_P_37	0.0	0.0		0	111.89	323.03	6.48	2.8870319063365804	0.39	0.42	38	10	4	0.48	0	28	5	5	0	0	0.12	0.12	0.25	0.5	1	1	0	0	0	1	1	0	0	2	0	0	0	0	0	1	0	0	0	1	0.0	0.1854
5c97_P_38	0.0	0.0		0	110.43	149.93	6.73	1.3576926559811646	0.54	0.77	18	6	2	0.6	0	14	1	3	0	0	0.29	0.14	0.43	0.14	0	0	0	0	0	0	2	0	1	0	0	0	0	1	0	1	1	0	1	0	0.0	0.144954
5c97_P_39	0.0	0.0		0	105.77	269.68	7.18	2.549683275030727	0.44	0.66	38	8	7	0.53	0	26	7	5	0	0	0.29	0.29	0.14	0.29	0	1	0	0	0	0	2	0	0	1	0	1	0	0	0	0	1	0	0	1	0.0	0.175648
5c97_P_40	0.0	0.0		0	103.51	205.31	6.87	1.9834798570186447	0.39	0.42	29	7	4	0.42	0	21	3	5	0	0	0.11	0.11	0.33	0.44	0	0	1	1	0	1	0	0	0	1	1	1	0	0	0	1	0	0	0	2	0.0	0.185036
5e1i_P_0	0.0	0.0		0	749.79	941.14	12.92	1.2552047906747223	0.24	0.75	140	45	22	0.45	0	97	17	24	2	0	0.03	0.08	0.53	0.36	2	1	2	1	1	0	0	2	2	2	1	0	1	1	2	5	5	1	4	3	0.51	0.734364
5e1i_P_1	0.0	0.0		0	418.52	492.55	13.03	1.1768852145656121	0.19	0.68	95	37	13	0.25	0	61	16	17	1	0	0.1	0.14	0.33	0.43	1	3	0	0	0	1	2	2	0	2	1	0	1	0	2	1	0	0	3	2	0.2	0.6365529999999999
5e1i_P_2	0.0	0.0		0	326.53	521.66	13.81	1.5975867454751478	0.16	0.25	91	34	10	0.33	0	62	12	17	0	0	0.1	0.0	0.45	0.45	1	0	1	1	0	1	1	0	0	0	1	0	1	1	1	1	4	0	2	4	0.14	0.61202
5e1i_P_3	0.0	0.0		0	183.71	480.28	12.89	2.614337815034565	0.18	0.26	63	14	8	0.58	0	46	8	9	0	0	0.15	0.15	0.15	0.54	0	0	1	0	0	0	2	0	1	1	0	1	0	1	3	0	1	1	0	1	0.09	0.483688
5e1i_P_4	0.0	0.0		0	148.85	297.26	7.77	1.997044004030904	0.35	0.5	47	14	8	0.27	0	31	9	7	0	0	0.1	0.2	0.4	0.3	0	2	1	0	0	1	1	1	0	0	1	0	0	0	1	0	0	0	1	1	0.0	0.225259
5e1i_P_5	0.0	0.0		0	137.56	249.43	10.27	1.813245129398081	0.2	0.32	44	8	5	0.63	0	33	7	4	0	0	0.18	0.18	0.0	0.64	0	1	0	1	0	0	1	0	1	2	0	0	0	1	1	0	0	3	0	0	0.04	0.347314
5e1i_P_6	0.0	0.0		0	129.51	183.6	12.62	1.417651146629604	0.19	0.23	48	14	2	0.33	0	35	5	8	0	0	0.0	0.08	0.31	0.62	2	1	1	0	0	0	0	0	0	0	3	0	0	0	0	0	3	0	0	3	0.0	0.429754
5e1i_P_7	0.0	0.0		0	129.38	387.66	10.49	2.9962899984541664	0.08	0.15	45	12	4	0.52	0	33	6	6	0	0	0.0	0.0	0.17	0.83	3	0	0	0	0	0	0	1	0	0	2	0	1	0	1	0	1	1	0	2	0.0	0.352014
5e97_P_0	0.0	0.0		0	526.14	932.45	22.25	1.7722469304747788	0.1	0.18	130	32	20	0.53	0	90	22	17	1	0	0.07	0.31	0.24	0.38	2	4	0	2	0	1	0	2	2	1	4	3	1	0	0	2	0	0	2	3	0.39	0.8407899999999999
5e97_P_1	0.0	0.0		0	496.13	531.02	16.95	1.0703243101606434	0.08	0.13	79	24	6	0.46	0	58	8	13	0	0	0.05	0.14	0.24	0.57	1	1	0	0	0	0	1	1	1	1	3	1	0	2	0	2	1	1	1	4	0.34	0.7727
5e97_P_2	0.0	0.0		0	357.76	547.06	21.29	1.529125670840787	0.07	0.25	120	36	16	0.28	0	83	16	20	1	0	0.04	0.04	0.48	0.43	2	0	3	1	1	1	0	0	0	1	5	1	0	1	0	3	1	1	2	0	0.15	0.807502
5e97_P_3	0.0	0.0		0	305.28	367.77	10.39	1.2046973270440249	0.19	0.27	53	6	6	0.65	0	44	6	3	0	0	0.0	0.06	0.12	0.81	1	1	0	0	0	1	0	0	0	1	6	0	1	1	1	1	0	0	0	2	0.25	0.511338
5e97_P_4	0.0	0.0		0	277.57	470.09	16.29	1.6935908059228302	0.1	0.15	77	18	8	0.46	0	57	9	11	0	0	0.0	0.05	0.47	0.47	1	1	3	0	0	0	0	1	0	0	5	0	0	1	0	3	0	1	2	1	0.14	0.661387
5e97_P_5	0.0	0.0		0	261.63	381.86	10.95	1.4595421014409664	0.21	0.33	59	10	5	0.59	0	47	4	8	0	0	0.07	0.13	0.2	0.6	0	1	1	0	0	0	1	0	0	0	5	1	1	0	3	0	0	0	2	0	0.18	0.481268
5e97_P_6	0.0	0.0		0	255.1	144.49	12.3	0.56640533124265	0.1	0.34	141	26	5	0.03	0	97	18	25	1	0	0.06	0.12	0.38	0.44	2	1	1	2	0	1	0	1	2	0	5	1	1	2	1	3	2	2	4	1	0.0	0.5075109999999999
5e97_P_7	0.0	0.0		0	185.09	392.87	11.35	2.1225890107515264	0.17	0.33	65	28	10	0.33	0	41	10	12	2	0	0.14	0.14	0.71	0.0	0	0	2	1	2	0	1	2	0	0	0	2	0	0	0	0	3	0	1	0	0.0	0.317416
5e97_P_8	0.0	0.0		0	181.31	448.91	7.98	2.4759252109646464	0.14	0.18	39	10	7	0.6	0	30	4	5	0	0	0.0	0.22	0.56	0.22	0	0	2	0	0	0	0	1	0	0	0	2	1	1	0	2	0	0	0	0	0.09	0.241236
5e97_P_9	0.0	0.0		0	164.67	372.21	13.75	2.2603388595372564	0.13	0.19	78	20	11	0.33	0	52	14	12	0	0	0.0	0.19	0.38	0.44	0	2	1	0	0	1	0	1	0	0	4	1	0	1	1	3	0	0	0	1	0.0	0.491843
5e97_P_10	0.0	0.0		0	158.78	242.77	10.15	1.5289709031364151	0.31	0.41	47	16	3	0.21	0	32	6	9	0	0	0.08	0.17	0.17	0.58	0	0	0	1	0	0	0	0	0	0	2	2	1	0	2	1	1	1	0	1	0.0	0.354617
5e97_P_11	0.0	0.0		0	139.14	274.72	8.6	1.9744142590196927	0.42	0.95	51	18	3	0.25	0	34	8	9	0	0	0.1	0.4	0.1	0.4	1	1	1	1	0	0	0	0	1	0	2	2	0	0	0	0	0	0	0	1	0.0	0.261835
5e97_P_12	0.0	0.0		0	136.58	367.16	11.66	2.6882413237662908	0.18	0.19	50	14	2	0.59	0	39	4	7	0	0	0.0	0.08	0.17	0.75	0	0	1	0	0	0	0	0	0	0	4	1	2	0	2	0	1	0	0	1	0.02	0.401614
5e97_P_13	0.0	0.0		0	129.28	223.64	7.19	1.7298886138613858	0.6	0.8	29	5	1	0.73	0	25	1	2	1	0	0.12	0.0	0.12	0.75	0	0	0	1	0	0	0	0	0	0	1	0	1	2	1	0	0	0	1	1	0.06	0.23865300000000006
5e97_P_14	0.0	0.0		0	123.78	415.06	11.24	3.3532073032800134	0.08	0.14	40	12	5	0.63	0	29	6	5	0	0	0.0	0.2	0.4	0.4	0	0	0	0	0	0	0	1	1	0	3	1	0	0	1	2	1	0	0	0	0.02	0.349712
5e97_P_15	0.0	0.0		0	111.62	212.59	7.19	1.90458699157857	0.65	0.72	34	8	8	0.38	0	24	6	4	0	0	0.0	0.12	0.38	0.5	1	0	2	0	0	0	0	1	0	0	2	1	0	1	0	0	0	0	0	0	0.0	0.206288
5e97_P_16	0.0	0.0		0	111.55	227.2	6.57	2.0367548184670548	0.38	0.59	29	8	5	0.43	0	22	3	4	0	0	0.14	0.14	0.14	0.57	0	0	1	0	0	0	1	0	0	0	2	1	0	1	1	0	0	0	0	0	0.0	0.194521
5uak_P_0	0.0	0.0		0	1365.4	1583.34	31.76	1.1596162296762853	0.18	0.33	283	53	20	0.42	0	215	30	35	3	0	0.02	0.08	0.17	0.73	5	4	1	1	0	1	0	1	0	13	6	1	3	9	1	3	3	1	1	6	0.65	0.806513
5uak_P_1	0.0	0.0		0	1091.18	1677.01	29.19	1.5368775087519932	0.22	0.5	256	66	15	0.49	0	188	27	39	2	0	0.02	0.06	0.3	0.62	3	1	0	0	2	1	1	3	0	6	11	2	1	2	2	4	3	1	2	5	0.68	0.812099
5uak_P_2	0.0	0.0		0	708.75	1090.02	33.66	1.5379470899470902	0.03	0.07	180	53	22	0.32	0	130	23	25	2	0	0.09	0.11	0.25	0.55	1	1	2	2	1	1	2	3	1	3	9	3	1	5	2	3	0	0	1	3	0.44	0.882415
5uak_P_3	0.0	0.0		0	663.52	853.77	25.64	1.2867283578490476	0.07	0.28	151	49	18	0.19	0	103	22	25	1	0	0.1	0.13	0.27	0.5	2	4	1	3	0	1	0	0	0	1	5	0	1	3	1	2	2	0	2	2	0.36	0.8708799999999999
5uak_P_4	0.0	0.0		0	660.95	865.99	27.14	1.3102201376806109	0.07	0.19	173	56	18	0.3	0	118	26	27	2	0	0.09	0.14	0.34	0.43	1	2	0	1	3	4	2	2	2	2	7	1	0	1	2	1	1	0	1	2	0.4	0.877576
5uak_P_5	0.0	0.0		0	587.95	802.92	20.9	1.3656263287694528	0.11	0.7	170	47	11	0.23	0	121	22	26	1	0	0.15	0.24	0.15	0.47	1	3	0	2	0	0	3	0	3	6	5	2	2	1	0	3	2	0	0	1	0.32	0.83465
5uak_P_6	0.0	0.0		0	480.9	631.26	14.07	1.3126637554585154	0.22	0.46	112	42	10	0.27	0	79	13	18	2	0	0.04	0.21	0.25	0.5	1	3	0	0	0	1	1	2	0	2	5	2	2	1	0	0	1	1	2	0	0.25	0.704418
5uak_P_7	0.0	0.0		0	478.32	715.64	16.42	1.4961532028767353	0.37	0.76	116	23	8	0.52	0	88	14	13	1	0	0.0	0.14	0.14	0.73	1	1	0	0	0	0	0	1	1	3	3	1	2	4	0	1	1	2	0	1	0.35	0.763401
5uak_P_8	0.0	0.0		0	466.01	619.41	25.61	1.3291774854616851	0.09	0.17	168	41	13	0.1	0	124	22	20	2	0	0.03	0.11	0.39	0.47	2	4	1	0	2	1	1	4	0	3	3	0	1	6	1	4	1	1	1	0	0.18	0.872908
5uak_P_9	0.0	0.0		0	462.0	663.28	17.0	1.4356709956709957	0.14	0.43	120	43	20	0.22	0	79	20	19	2	0	0.09	0.13	0.26	0.52	1	2	1	0	1	2	2	0	0	1	6	1	1	0	1	1	1	0	0	2	0.22	0.761131
5uak_P_10	0.0	0.0		0	443.97	861.17	20.09	1.9397031330945784	0.08	0.15	109	34	24	0.36	0	71	21	16	1	0	0.17	0.17	0.3	0.35	0	1	1	0	1	0	4	3	1	3	4	2	0	0	0	1	1	0	0	1	0.26	0.7994399999999999
5uak_P_11	0.0	0.0		0	436.81	566.48	23.51	1.2968567569423777	0.09	0.25	143	20	7	0.16	0	115	14	14	0	0	0.09	0.06	0.09	0.76	1	2	0	1	1	0	2	1	0	6	9	0	1	3	0	0	1	2	0	4	0.17	0.844985
5uak_P_12	0.0	0.0		0	393.88	498.61	15.34	1.2658931654310959	0.18	0.21	87	26	7	0.41	0	61	12	14	0	0	0.05	0.14	0.29	0.52	3	2	1	1	0	0	0	1	0	0	3	1	0	1	1	2	0	2	2	1	0.24	0.700309
5uak_P_13	0.0	0.0		0	384.72	633.68	15.4	1.6471199833645247	0.12	0.24	75	20	6	0.61	0	57	8	10	0	0	0.0	0.07	0.21	0.71	0	1	0	0	0	0	0	1	0	1	4	0	0	1	0	0	0	1	2	3	0.31	0.706114
5uak_P_14	0.0	0.0		0	358.38	479.22	14.6	1.3371839946425583	0.4	0.7	103	18	7	0.32	0	78	11	13	1	0	0.0	0.12	0.21	0.67	2	1	0	0	3	0	0	0	1	1	6	1	1	3	1	1	0	0	1	2	0.17	0.668496
5uak_P_15	0.0	0.0		0	357.24	559.06	22.19	1.5649423356846937	0.06	0.15	108	17	6	0.36	0	86	10	11	1	0	0.05	0.05	0.1	0.8	3	0	2	0	0	0	1	0	0	2	8	1	1	1	0	0	0	1	0	0	0.19	0.814209
5uak_P_16	0.0	0.0		0	352.09	624.98	9.06	1.7750575137038829	0.09	0.24	75	33	11	0.4	0	51	9	14	1	0	0.29	0.12	0.35	0.24	0	1	0	1	0	0	4	1	0	0	1	1	1	0	0	3	1	2	1	0	0.19	0.411785
5uak_P_17	0.0	0.0		0	341.49	585.04	16.85	1.7131980438665846	0.08	0.14	85	30	11	0.39	0	62	10	13	0	0	0.11	0.06	0.44	0.39	0	0	0	1	0	1	1	2	0	1	1	1	1	2	0	2	3	2	0	0	0.18	0.703859
5uak_P_18	0.0	0.0		0	328.33	758.39	20.85	2.3098407090427315	0.06	0.08	63	26	8	0.47	0	46	6	11	0	0	0.0	0.18	0.18	0.65	0	0	0	0	0	1	0	0	0	2	6	3	0	1	0	1	1	1	0	1	0.2	0.793914
5uak_P_19	0.0	0.0		0	324.89	431.88	16.94	1.3293114592631352	0.12	0.29	96	19	6	0.26	0	72	13	10	1	0	0.05	0.19	0.14	0.62	1	2	1	1	0	0	0	0	2	3	4	0	1	3	0	1	1	1	0	0	0.12	0.712831
5uak_P_20	0.0	0.0		0	309.72	462.43	11.83	1.49305824615782	0.1	0.38	64	13	2	0.67	0	54	2	6	2	0	0.0	0.0	0.29	0.71	0	0	0	0	1	0	0	0	0	3	5	0	1	0	0	0	1	0	2	1	0.26	0.559096
5uak_P_21	0.0	0.0		0	289.4	458.12	16.26	1.5829993089149967	0.1	0.2	88	26	1	0.52	0	66	9	13	0	0	0.06	0.06	0.12	0.75	2	0	0	0	0	2	1	0	0	1	2	1	1	2	1	0	0	0	0	3	0.18	0.677038
5uak_P_22	0.0	0.0		0	275.94	441.05	15.54	1.5983547147930712	0.1	0.37	112	33	6	0.3	0	79	15	16	2	0	0.05	0.05	0.18	0.73	1	1	0	0	1	1	1	1	0	3	6	0	1	2	1	0	0	1	1	1	0.08	0.647392
5uak_P_23	0.0	0.0		0	272.51	383.73	16.59	1.408131811676636	0.13	0.17	93	18	7	0.43	0	67	14	12	0	0	0.05	0.11	0.32	0.53	0	0	1	0	0	1	1	1	0	3	4	2	0	3	0	0	1	0	2	0	0.13	0.6703
5uak_P_24	0.0	0.0		0	235.3	485.63	13.26	2.0638759031024225	0.15	0.27	57	18	3	0.5	0	43	4	8	2	0	0.0	0.13	0.27	0.6	1	0	0	0	0	0	0	1	0	1	3	2	2	2	0	2	1	0	0	0	0.12	0.544322
5uak_P_25	0.0	0.0		0	224.99	385.45	14.51	1.7131872527667895	0.12	0.23	75	24	10	0.19	0	51	11	13	0	0	0.19	0.19	0.38	0.25	1	1	1	1	0	0	2	1	1	1	1	1	0	0	0	1	2	0	1	1	0.0	0.540034
5uak_P_26	0.0	0.0		0	219.55	398.44	11.94	1.8148030061489409	0.14	0.26	50	12	1	0.58	0	37	5	8	0	0	0.08	0.08	0.33	0.5	1	0	2	0	0	0	1	1	1	1	3	0	0	0	1	0	0	0	1	0	0.13	0.472799
5uak_P_27	0.0	0.0		0	212.4	484.72	10.91	2.2821092278719397	0.19	0.28	55	22	9	0.52	0	40	6	9	0	0	0.0	0.0	0.77	0.23	0	0	2	0	0	1	0	0	0	0	2	0	1	0	0	3	3	0	1	0	0.09	0.376859
5uak_P_28	0.0	0.0		0	161.73	264.29	11.43	1.6341433252952453	0.2	0.3	49	8	1	0.31	0	40	4	5	0	0	0.14	0.07	0.36	0.43	0	0	0	1	0	0	1	1	0	2	4	1	0	0	0	1	2	0	1	0	0.0	0.393089
5uak_P_29	0.0	0.0		0	160.01	487.9	12.81	3.0491844259733774	0.08	0.14	57	22	5	0.41	0	40	6	11	0	0	0.25	0.08	0.17	0.5	2	1	1	2	0	0	1	0	0	2	2	0	0	0	0	1	0	0	0	0	0.0	0.456778
5uak_P_30	0.0	0.0		0	153.72	282.31	9.01	1.836520947176685	0.37	0.61	36	15	3	0.31	0	23	5	7	1	0	0.09	0.09	0.18	0.64	1	0	1	0	0	1	1	0	0	3	2	1	1	0	0	0	0	0	0	0	0.0	0.315335
5uak_P_31	0.0	0.0		0	152.86	285.55	13.2	1.8680491953421432	0.1	0.16	60	13	2	0.17	0	48	4	7	1	0	0.09	0.0	0.09	0.82	0	0	0	0	0	1	1	0	0	1	1	0	1	4	0	0	0	0	0	2	0.0	0.473527
5uak_P_32	0.0	0.0		0	149.42	341.04	12.54	2.2824253781287647	0.09	0.23	49	18	7	0.32	0	33	7	9	0	0	0.07	0.14	0.36	0.43	2	0	0	0	0	0	1	2	1	0	2	1	0	0	0	2	1	0	0	2	0.0	0.428449
5uak_P_33	0.0	0.0		0	145.13	205.51	10.63	1.4160407910149522	0.27	0.4	51	8	2	0.17	0	39	5	7	0	0	0.0	0.0	0.18	0.82	2	0	0	0	0	0	0	2	0	2	5	0	0	0	0	1	0	0	0	5	0.0	0.369817
5uak_P_34	0.0	0.0		0	138.54	302.84	8.54	2.1859390789663635	0.33	0.72	47	16	8	0.25	0	33	7	7	0	0	0.09	0.09	0.36	0.45	0	0	0	0	0	0	1	1	0	0	1	1	0	2	1	2	1	0	0	1	0.0	0.26679200000000003
5uak_P_35	0.0	0.0		0	131.67	168.23	9.73	1.277663856611225	0.33	0.45	40	10	0	0.33	0	34	1	5	0	0	0.2	0.0	0.1	0.7	0	0	0	2	0	1	0	0	0	4	2	0	0	1	0	0	0	0	0	0	0.0	0.325121
5uak_P_36	0.0	0.0		0	126.24	420.01	6.62	3.3270754119138157	0.52	0.64	45	15	5	0.62	0	32	5	7	1	0	0.1	0.0	0.3	0.6	2	0	0	0	0	1	1	1	0	1	0	0	1	1	0	1	0	1	0	0	0.02	0.209326
5uak_P_37	0.0	0.0		0	125.09	297.31	10.81	2.376768726516908	0.14	0.3	57	12	4	0.41	0	44	6	7	0	0	0.0	0.22	0.22	0.56	0	1	0	0	0	1	0	0	0	0	3	1	0	1	0	0	1	0	0	1	0.0	0.35081
5uak_P_38	0.0	0.0		0	124.8	241.51	8.49	1.935176282051282	0.36	0.62	49	13	3	0.41	0	39	4	5	1	0	0.0	0.11	0.33	0.56	0	0	0	0	0	0	0	0	1	0	1	0	1	1	1	1	1	1	1	0	0.0	0.264863
5uak_P_39	0.0	0.0		0	123.66	222.85	12.43	1.8021187125990616	0.1	0.18	64	6	2	0.56	0	51	6	7	0	0	0.07	0.14	0.0	0.79	2	2	0	0	0	0	1	0	0	2	4	0	0	0	0	0	0	1	0	2	0.0	0.418717
5uak_P_40	0.0	0.0		0	122.51	132.39	11.41	1.0806464778385436	0.17	0.25	47	4	0	0.2	0	37	4	5	1	0	0.0	0.0	0.19	0.81	0	0	0	0	1	0	0	1	0	5	5	0	1	2	0	0	1	0	0	0	0.0	0.37763
5uak_P_41	0.0	0.0		0	119.08	390.87	8.04	3.2824151830702046	0.27	0.32	34	10	7	0.56	0	25	4	5	0	0	0.29	0.29	0.14	0.29	1	0	0	0	0	0	2	0	0	0	0	2	0	0	1	0	0	0	1	0	0.0	0.210798
5uak_P_42	0.0	0.0		0	117.36	215.81	8.39	1.83887184730743	0.33	0.69	42	18	1	0.1	0	32	2	8	0	0	0.0	0.1	0.3	0.6	0	0	0	0	0	0	0	0	1	0	6	0	0	0	0	1	1	0	1	0	0.0	0.258911
5uak_P_43	0.0	0.0		0	110.21	296.25	7.07	2.6880500861990746	0.23	0.3	30	4	4	0.58	0	24	4	2	0	0	0.0	0.12	0.25	0.62	0	1	0	0	0	0	0	1	0	1	3	0	0	0	0	1	0	0	0	1	0.0	0.212433
5uak_P_44	0.0	0.0		0	108.77	254.64	6.22	2.341086696699457	0.45	0.85	24	8	1	0.59	0	20	1	3	0	0	0.0	0.17	0.33	0.5	0	0	0	0	0	0	0	1	0	0	0	1	0	2	1	0	0	0	1	0	0.0	0.17594200000000002
5uak_P_45	0.0	0.0		0	105.91	192.15	7.37	1.8142762723066759	0.72	0.91	30	12	6	0.18	0	18	5	7	0	0	0.38	0.12	0.25	0.25	0	1	0	2	0	1	1	0	0	1	0	0	0	0	0	1	0	1	0	0	0.0	0.175902
5uak_P_46	0.0	0.0		0	103.62	315.52	8.59	3.044972013124879	0.4	0.55	42	10	7	0.35	0	32	5	5	0	0	0.29	0.43	0.0	0.29	0	0	0	0	0	0	2	0	1	0	0	2	0	1	0	0	0	0	0	1	0.0	0.217829
5uak_P_47	0.0	0.0		0	102.76	256.19	7.74	2.493090696769171	0.46	0.83	36	12	5	0.37	0	25	5	6	0	0	0.11	0.22	0.44	0.22	0	0	0	0	0	0	1	0	1	0	1	1	0	0	0	1	3	0	0	1	0.0	0.18066
5uak_P_48	0.0	0.0		0	102.19	289.17	7.4	2.8297289362951368	0.27	0.38	31	14	5	0.21	0	20	4	6	1	0	0.12	0.12	0.62	0.12	0	0	0	1	1	0	0	3	0	0	0	1	0	0	1	0	1	0	0	0	0.0	0.155136
5uak_P_49	0.0	0.0		0	101.33	229.27	8.21	2.2626073226092966	0.5	0.64	41	12	3	0.35	0	33	3	5	0	0	0.0	0.0	0.33	0.67	1	0	0	0	0	1	0	0	0	2	1	0	0	1	1	0	1	0	1	0	0.0	0.243827
5uak_P_50	0.0	0.0		0	101.05	272.3	8.18	2.69470559129144	0.31	0.54	43	23	6	0.26	0	27	6	9	1	0	0.11	0.11	0.56	0.22	0	1	0	1	0	0	0	0	0	0	0	0	1	0	0	1	3	0	1	1	0.0	0.192797
5uak_P_51	0.0	0.0		0	100.47	215.9	7.49	2.148900169204738	0.61	0.75	29	8	2	0.33	0	21	4	4	0	0	0.14	0.29	0.14	0.43	0	0	0	0	0	0	1	0	1	1	2	1	0	0	0	1	0	0	0	0	0.0	0.199507
5uak_P_52	0.0	0.0		0	100.47	276.08	8.39	2.7478849407783406	0.37	0.71	24	10	3	0.43	0	17	2	5	0	0	0.25	0.25	0.25	0.25	0	1	0	2	0	0	0	0	0	0	0	1	0	0	0	1	0	0	1	2	0.0	0.203422
6gx3_P_0	0.0	0.0		0	709.12	809.47	21.91	1.1415134250902528	0.29	0.47	224	57	20	0.35	0	159	34	28	3	0	0.1	0.12	0.42	0.35	3	1	0	5	4	1	0	7	4	0	2	1	0	5	2	3	0	3	5	2	0.45	0.8380139999999999
6gx3_P_1	0.0	0.0		0	322.11	471.58	16.59	1.4640340256434137	0.12	0.26	96	30	12	0.25	0	65	15	16	0	0	0.15	0.15	0.4	0.3	1	1	3	1	0	1	2	2	1	1	1	1	0	2	0	0	2	1	0	0	0.11	0.6769149999999999
6gx3_P_2	0.0	0.0		0	280.26	431.35	14.74	1.5391065439234997	0.19	0.54	96	18	6	0.56	0	74	9	13	0	0	0.11	0.11	0.26	0.53	1	2	0	1	0	0	1	0	0	2	3	0	0	1	1	1	0	0	4	2	0.19	0.620568
6gx3_P_3	0.0	0.0		0	228.74	488.31	12.76	2.134781848386815	0.14	0.19	60	12	12	0.5	0	44	10	6	0	0	0.08	0.15	0.31	0.46	0	2	2	0	0	1	1	1	0	2	1	0	0	2	0	0	0	1	0	0	0.11	0.507436
6gx3_P_4	0.0	0.0		0	217.09	407.32	12.26	1.8762725137039933	0.06	0.18	51	20	5	0.39	0	35	6	10	0	0	0.14	0.14	0.29	0.43	1	0	0	0	0	0	2	1	2	2	1	0	0	0	1	2	1	1	0	0	0.05	0.474404
6gx3_P_5	0.0	0.0		0	197.06	407.72	12.09	2.069014513346189	0.18	0.22	56	26	8	0.21	0	33	10	13	0	0	0.36	0.14	0.21	0.29	0	2	1	4	0	0	1	1	0	1	0	0	0	1	2	0	0	0	1	0	0.0	0.426784
6gx3_P_6	0.0	0.0		0	188.93	309.22	9.55	1.6366908378764622	0.28	0.54	53	14	6	0.41	0	41	5	7	0	0	0.1	0.1	0.2	0.6	1	1	0	0	0	0	1	0	0	1	3	0	1	0	0	0	1	0	1	0	0.02	0.361009
6gx3_P_7	0.0	0.0		0	185.79	345.66	9.65	1.860487647343776	0.33	0.45	47	10	8	0.33	0	34	7	6	0	0	0.22	0.11	0.44	0.22	0	1	1	2	0	0	0	1	0	1	0	0	1	0	0	0	0	0	2	0	0.0	0.30578
6gx3_P_8	0.0	0.0		0	183.04	352.32	9.42	1.9248251748251748	0.28	0.39	43	10	9	0.37	0	29	7	7	0	0	0.1	0.1	0.5	0.3	1	1	0	1	0	3	0	1	0	0	1	0	0	0	1	0	0	0	1	0	0.0	0.310756
6gx3_P_9	0.0	0.0		0	179.01	362.29	11.67	2.023853416010279	0.16	0.47	67	16	4	0.33	0	49	9	9	0	0	0.17	0.08	0.08	0.67	0	0	0	0	0	0	2	0	0	1	1	1	0	0	1	0	1	1	0	4	0.0	0.440309
6gx3_P_10	0.0	0.0		0	153.66	120.27	10.19	0.7827020695040999	0.11	0.17	106	30	4	0.11	0	66	17	23	0	0	0.09	0.09	0.43	0.39	1	0	2	1	0	0	1	3	2	0	0	0	0	3	0	3	1	1	1	4	0.0	0.332162
6gx3_P_11	0.0	0.0		0	134.72	301.24	9.97	2.23604513064133	0.16	0.27	47	16	3	0.47	0	34	5	8	0	0	0.0	0.08	0.17	0.75	2	0	0	0	0	0	0	0	1	1	1	0	0	2	0	2	0	0	0	3	0.0	0.338115
6gx3_P_12	0.0	0.0		0	131.39	248.13	6.14	1.8884998858360609	0.39	0.51	38	12	3	0.38	0	28	4	6	0	0	0.2	0.1	0.2	0.5	0	0	1	1	0	0	1	1	1	0	3	0	1	0	1	0	0	0	0	0	0.0	0.189442
6gx3_P_13	0.0	0.0		0	129.41	324.46	8.59	2.5072250985240707	0.28	0.35	33	10	3	0.54	0	26	4	3	0	0	0.0	0.33	0.5	0.17	0	1	0	0	0	1	0	0	1	0	1	0	0	0	0	0	0	0	2	0	0.0	0.215101
6gx3_P_14	0.0	0.0		0	123.84	235.75	11.77	1.9036660206718343	0.11	0.19	62	20	6	0.26	0	40	12	10	0	0	0.15	0.23	0.23	0.38	1	2	0	2	1	0	0	0	1	1	2	0	0	1	0	0	1	0	1	0	0.0	0.366503
6gx3_P_15	0.0	0.0		0	118.27	171.26	8.51	1.4480426143569798	0.45	0.79	33	6	4	0.44	0	25	5	3	0	0	0.1	0.2	0.0	0.7	2	1	0	0	0	0	1	0	1	0	3	0	0	0	0	0	0	0	0	2	0.0	0.270214
6gx3_P_16	0.0	0.0		0	115.65	224.29	5.78	1.939386078685689	0.22	0.31	27	10	2	0.64	0	19	3	4	1	0	0.0	0.2	0.3	0.5	2	1	0	0	1	0	0	0	1	0	1	0	0	0	1	2	0	0	0	1	0.0	0.168667
6gx3_P_17	0.0	0.0		0	104.96	195.24	6.22	1.860137195121952	0.29	0.5	31	9	1	0.47	0	24	2	4	1	0	0.14	0.14	0.29	0.43	0	0	0	0	0	0	1	0	0	1	1	1	1	0	0	0	1	0	1	0	0.0	0.166172
6uen_P_0	0.0	0.0		0	891.87	1322.34	17.77	1.4826600289279828	0.1	0.38	180	74	35	0.27	0	117	28	34	1	0	0.12	0.17	0.35	0.35	0	3	0	2	1	3	3	1	3	2	3	1	1	2	3	4	5	0	0	3	0.53	0.793676
6uen_P_1	0.0	0.0		0	786.21	1097.11	21.46	1.3954414215031603	0.32	0.48	184	53	15	0.23	0	132	22	28	2	0	0.14	0.27	0.11	0.49	0	1	0	2	0	2	3	0	1	3	6	8	3	1	2	0	1	0	1	3	0.45	0.8397209999999999
6uen_P_2	0.0	0.0		0	482.69	761.21	25.31	1.5770163044604195	0.05	0.12	124	36	15	0.28	0	91	16	17	0	0	0.1	0.17	0.23	0.5	0	0	2	3	0	0	0	1	1	2	8	4	3	1	0	1	1	0	2	1	0.26	0.8709530000000001
6uen_P_3	0.0	0.0		0	476.62	667.39	16.71	1.4002559691158574	0.1	0.41	120	38	23	0.18	0	81	22	17	0	0	0.08	0.2	0.4	0.32	1	1	2	2	0	1	0	0	1	1	4	3	0	0	1	2	3	1	2	0	0.21	0.739247
6uen_P_4	0.0	0.0		0	423.79	633.39	18.15	1.4945845819863608	0.11	0.19	84	37	13	0.28	0	54	9	20	1	0	0.2	0.25	0.35	0.2	0	2	0	3	0	2	1	0	1	2	0	2	1	0	0	0	3	0	2	1	0.21	0.7396560000000001
6uen_P_5	0.0	0.0		0	396.81	502.99	21.86	1.2675839822585115	0.05	0.13	96	23	7	0.36	0	76	9	10	1	0	0.0	0.12	0.28	0.6	0	1	3	0	0	2	0	0	1	2	6	1	2	1	1	0	1	2	1	1	0.22	0.8255170000000001
6uen_P_6	0.0	0.0		0	380.63	517.72	14.91	1.3601660405117832	0.21	0.34	86	25	9	0.38	0	60	11	12	3	0	0.1	0.1	0.3	0.5	1	0	1	1	0	0	1	3	0	2	2	2	3	1	0	0	1	0	1	1	0.22	0.6807529999999999
6uen_P_7	0.0	0.0		0	379.28	450.27	13.73	1.1871704281797089	0.15	0.52	110	28	20	0.17	0	75	19	15	1	0	0.14	0.09	0.45	0.32	1	1	1	2	1	2	1	1	0	1	2	1	0	1	2	2	1	0	2	0	0.13	0.618896
6uen_P_8	0.0	0.0		0	371.63	617.78	12.84	1.6623523396927051	0.22	0.95	87	22	13	0.38	0	60	16	11	0	0	0.11	0.28	0.17	0.44	0	2	0	1	0	0	1	1	1	2	3	2	0	3	0	1	1	0	0	0	0.2	0.607611
6uen_P_9	0.0	0.0		0	354.77	543.39	17.21	1.5316684048820364	0.11	0.18	85	28	10	0.14	0	61	11	13	0	0	0.05	0.15	0.4	0.4	1	1	2	0	0	1	1	2	0	1	3	2	0	2	0	2	1	1	0	0	0.09	0.719593
6uen_P_10	0.0	0.0		0	343.75	462.09	17.13	1.3442618181818178	0.09	0.21	90	33	5	0.25	0	63	9	17	1	0	0.15	0.1	0.45	0.3	0	2	1	0	0	1	3	2	0	2	1	0	1	2	0	2	2	0	1	0	0.13	0.701839
6uen_P_11	0.0	0.0		0	339.71	458.27	12.9	1.3490035618615877	0.42	0.54	76	32	4	0.32	0	52	7	16	1	0	0.17	0.11	0.28	0.44	1	1	1	3	0	0	0	1	0	4	1	1	2	0	0	1	2	0	0	0	0.15	0.589923
6uen_P_12	0.0	0.0		0	336.33	579.57	18.45	1.7232182677727237	0.07	0.11	78	37	13	0.11	0	50	11	16	1	0	0.1	0.25	0.4	0.25	0	3	1	1	0	4	1	0	0	0	2	2	1	1	1	0	1	0	2	0	0.06	0.727588
6uen_P_13	0.0	0.0		0	331.16	608.4	14.92	1.8371784031887908	0.18	0.63	107	38	11	0.26	0	73	15	19	0	0	0.17	0.17	0.25	0.42	1	2	0	1	0	0	3	3	1	1	2	1	1	1	1	2	0	0	1	3	0.12	0.6443409999999999
6uen_P_14	0.0	0.0		0	287.55	437.64	13.8	1.5219613980177358	0.11	0.15	83	21	3	0.31	0	65	5	11	2	0	0.16	0.0	0.32	0.53	0	0	2	2	1	1	1	0	0	2	2	0	1	2	0	0	0	0	2	3	0.1	0.595126
6uen_P_15	0.0	0.0		0	286.42	480.09	17.52	1.6761748481251308	0.1	0.37	66	28	9	0.27	0	44	7	13	2	0	0.13	0.27	0.33	0.27	0	2	1	1	2	0	1	0	0	1	1	2	0	1	1	0	2	0	0	0	0.08	0.683743
6uen_P_16	0.0	0.0		0	276.08	408.19	16.25	1.4785207186322806	0.05	0.19	93	24	11	0.19	0	69	11	13	0	0	0.0	0.16	0.42	0.42	0	0	3	0	0	2	0	0	2	0	2	1	0	1	1	0	2	1	1	3	0.03	0.6550560000000001
6uen_P_17	0.0	0.0		0	263.49	338.36	11.71	1.2841474059736613	0.44	0.52	64	19	9	0.15	0	46	9	8	1	0	0.06	0.12	0.29	0.53	2	1	1	0	0	1	1	2	1	2	1	0	2	1	0	0	0	0	1	1	0.01	0.5
6uen_P_18	0.0	0.0		0	248.2	407.57	12.43	1.642103142626914	0.08	0.15	65	17	8	0.46	0	47	9	8	1	0	0.18	0.06	0.18	0.59	2	1	1	3	0	2	0	0	0	0	4	0	1	1	2	0	0	0	0	0	0.11	0.523753
6uen_P_19	0.0	0.0		0	235.84	428.91	10.28	1.8186482360922656	0.17	0.32	36	10	9	0.54	0	24	7	5	0	0	0.21	0.14	0.36	0.29	2	1	1	1	0	1	2	1	0	1	0	1	0	0	0	1	1	1	0	0	0.13	0.382539
6uen_P_20	0.0	0.0		0	228.87	364.08	12.71	1.5907720540044563	0.16	0.27	51	24	14	0.22	0	31	9	11	0	0	0.08	0.31	0.46	0.15	0	3	1	0	0	0	1	0	0	1	0	1	0	0	0	2	0	0	3	1	0.0	0.447724
6uen_P_21	0.0	0.0		0	227.07	319.06	13.45	1.4051173646893031	0.14	0.18	74	29	7	0.16	0	51	9	13	1	0	0.06	0.17	0.39	0.39	0	2	1	1	0	1	0	1	1	1	0	0	1	2	3	3	0	0	1	0	0.0	0.523
6uen_P_22	0.0	0.0		0	224.37	231.5	13.77	1.0317778669162545	0.2	0.24	70	23	11	0.03	0	46	12	11	1	0	0.05	0.15	0.3	0.5	0	1	1	0	0	2	1	1	2	2	2	0	1	2	2	0	2	1	0	0	0.0	0.546625
6uen_P_23	0.0	0.0		0	223.7	390.13	12.84	1.7439874832364777	0.15	0.2	53	20	8	0.28	0	35	8	10	0	0	0.14	0.14	0.36	0.36	0	1	2	1	0	1	1	1	0	0	0	1	1	2	1	0	0	0	1	1	0.01	0.491645
6uen_P_24	0.0	0.0		0	212.91	289.21	10.79	1.3583673852801652	0.25	0.43	56	12	10	0.24	0	41	9	6	0	0	0.14	0.14	0.21	0.5	0	0	0	1	0	1	1	0	0	0	3	2	0	2	2	1	0	0	1	0	0.0	0.422025
6uen_P_25	0.0	0.0		0	210.21	190.18	12.84	0.9047143332857621	0.15	0.25	88	24	12	0.0	0	63	13	10	2	0	0.05	0.1	0.35	0.5	1	0	0	0	2	2	1	0	1	1	3	1	0	2	0	3	0	3	0	0	0.0	0.5
6uen_P_26	0.0	0.0		0	207.51	296.75	13.88	1.4300515637800588	0.09	0.16	57	12	6	0.25	0	45	5	7	0	0	0.0	0.07	0.2	0.73	0	0	1	0	0	0	0	1	0	5	5	1	0	1	0	1	0	0	0	0	0.0	0.547421
6uen_P_27	0.0	0.0		0	200.54	366.98	10.98	1.829959110401915	0.18	0.23	54	14	9	0.39	0	38	8	8	0	0	0.15	0.23	0.23	0.38	1	1	0	1	0	0	1	1	1	1	2	1	1	0	0	1	1	0	0	0	0.03	0.401443
6uen_P_28	0.0	0.0		0	197.62	172.87	12.18	0.8747596397125798	0.19	0.34	76	20	3	0.18	0	58	6	11	1	0	0.06	0.19	0.31	0.44	2	1	0	0	1	0	1	1	1	1	2	1	0	2	0	0	1	0	2	0	0.0	0.456041
6uen_P_29	0.0	0.0		0	181.88	260.62	14.53	1.4329228062458763	0.1	0.13	63	24	6	0.17	0	45	8	10	0	0	0.07	0.0	0.43	0.5	0	0	0	0	0	1	1	1	0	1	2	0	1	2	1	1	1	0	2	0	0.0	0.542247
6uen_P_30	0.0	0.0		0	181.21	308.99	8.94	1.7051487224766846	0.31	0.44	35	16	4	0.38	0	23	5	7	0	0	0.11	0.33	0.44	0.11	0	2	1	0	0	0	1	0	0	1	0	1	0	0	0	2	1	0	0	0	0.0	0.250817
6uen_P_31	0.0	0.0		0	179.18	481.01	7.37	2.6845071994642256	0.26	0.44	41	18	4	0.59	0	28	5	8	0	0	0.0	0.12	0.25	0.62	0	0	0	0	0	0	0	0	0	0	4	1	0	1	0	2	0	0	0	0	0.08	0.278768
6uen_P_32	0.0	0.0		0	176.04	310.22	11.42	1.7622131333787778	0.2	0.4	56	18	11	0.19	0	39	7	10	0	0	0.0	0.31	0.46	0.23	1	1	0	0	0	0	0	0	0	1	0	3	0	0	1	2	1	0	3	0	0.0	0.36871
6uen_P_33	0.0	0.0		0	171.32	234.41	10.05	1.368258230212468	0.42	0.56	67	34	6	0.02	0	42	8	17	0	0	0.14	0.07	0.5	0.29	0	1	0	0	0	1	2	0	0	1	1	0	0	0	1	5	0	0	1	1	0.0	0.322842
6uen_P_34	0.0	0.0		0	169.74	232.5	8.79	1.369741958289148	0.49	0.7	34	12	5	0.19	0	25	4	5	0	0	0.08	0.25	0.17	0.5	0	2	0	1	0	1	0	0	0	1	2	1	1	0	2	0	0	0	1	0	0.0	0.307638
6uen_P_35	0.0	0.0		0	169.52	243.25	11.05	1.4349339310995752	0.19	0.34	45	14	2	0.43	0	33	5	7	0	0	0.0	0.15	0.15	0.69	2	1	0	0	0	2	0	0	0	1	0	1	1	2	1	0	0	2	0	0	0.0	0.408477
6uen_P_36	0.0	0.0		0	168.62	399.48	9.9	2.3691139841062747	0.2	0.23	49	18	7	0.32	0	36	5	8	0	0	0.1	0.2	0.4	0.3	0	0	1	1	0	0	0	0	0	0	3	2	0	0	0	0	2	0	1	0	0.0	0.317576
6uen_P_37	0.0	0.0		0	167.04	172.3	11.11	1.0314894636015326	0.3	0.37	53	12	0	0.14	0	43	4	6	0	0	0.0	0.0	0.25	0.75	2	0	0	0	0	0	0	0	0	2	2	0	0	2	0	1	1	0	1	1	0.0	0.410233
6uen_P_38	0.0	0.0		0	166.59	381.8	7.9	2.29185425295636	0.25	0.37	48	13	7	0.46	0	34	6	7	1	0	0.11	0.22	0.22	0.44	1	0	1	0	0	1	1	0	0	1	1	2	1	0	0	0	0	0	0	0	0.01	0.265641
6uen_P_39	0.0	0.0		0	165.92	158.07	10.57	0.9526880424300868	0.2	0.66	60	18	9	0.0	0	39	9	12	0	0	0.07	0.21	0.36	0.36	0	2	1	0	0	1	1	0	0	1	4	1	0	0	0	2	1	0	0	0	0.0	0.351943
6uen_P_40	0.0	0.0		0	164.12	403.73	7.42	2.459968315866439	0.27	0.4	44	14	8	0.41	0	29	8	7	0	0	0.2	0.3	0.2	0.3	0	1	0	1	0	0	1	0	0	0	3	2	0	0	0	0	1	0	1	0	0.0	0.224627
6uen_P_41	0.0	0.0		0	158.28	161.95	9.22	1.0231867576446805	0.43	0.6	50	14	1	0.12	0	41	2	7	0	0	0.07	0.07	0.07	0.79	0	0	0	0	0	0	1	0	0	3	3	1	0	4	0	0	0	0	1	1	0.0	0.334071
6uen_P_42	0.0	0.0		0	156.7	284.81	12.88	1.8175494575622209	0.13	0.34	70	20	6	0.16	0	50	10	10	0	0	0.15	0.08	0.23	0.54	0	0	1	1	0	0	1	0	0	3	2	1	0	0	0	0	1	1	1	1	0.0	0.460076
6uen_P_43	0.0	0.0		0	154.9	225.71	10.1	1.4571336346029695	0.2	0.31	48	20	2	0.27	0	31	7	10	0	0	0.18	0.18	0.36	0.27	0	0	0	0	0	0	2	0	1	0	2	1	0	1	0	1	2	0	1	0	0.0	0.309369
6uen_P_44	0.0	0.0		0	149.73	402.49	7.88	2.6881052561276966	0.33	0.37	47	15	6	0.4	0	31	8	7	1	0	0.08	0.0	0.42	0.5	0	0	2	1	0	1	0	0	0	2	2	0	1	1	0	2	0	0	0	0	0.0	0.258421
6uen_P_45	0.0	0.0		0	148.61	293.03	7.95	1.9718053966758624	0.25	0.53	41	18	8	0.24	0	25	7	9	0	0	0.09	0.45	0.36	0.09	1	1	1	0	1	1	1	1	1	0	0	3	0	0	0	0	0	0	0	0	0.0	0.192223
6uen_P_46	0.0	0.0		0	148.16	367.93	9.04	2.4833288336933053	0.42	0.92	46	14	7	0.49	0	33	7	6	0	0	0.0	0.2	0.4	0.4	0	0	0	0	0	0	0	0	1	0	3	1	0	1	0	2	1	0	1	0	0.0	0.285076
6uen_P_47	0.0	0.0		0	146.81	150.53	11.03	1.0253388733737483	0.17	0.29	49	6	0	0.0	0	43	1	5	0	0	0.0	0.0	0.08	0.92	0	0	0	0	0	0	0	0	0	2	6	0	0	3	1	1	0	0	0	0	0.0	0.383165
6uen_P_48	0.0	0.0		0	146.36	305.22	8.36	2.0854058485925115	0.54	0.83	44	14	5	0.41	0	34	3	7	0	0	0.0	0.22	0.11	0.67	0	0	0	0	0	0	0	0	1	3	3	1	0	0	0	0	0	0	1	0	0.0	0.287657
6uen_P_49	0.0	0.0		0	144.79	227.23	10.79	1.5693763381448995	0.17	0.41	58	12	5	0.32	0	42	9	7	0	0	0.14	0.21	0.43	0.21	1	1	1	0	1	0	2	1	2	0	2	0	0	0	0	0	2	0	1	0	0.0	0.317093
6uen_P_50	0.0	0.0		0	144.34	134.1	8.56	0.9290563946238048	0.75	0.93	56	18	8	0.04	0	37	8	10	1	0	0.08	0.15	0.38	0.38	0	1	3	1	0	0	0	1	0	1	2	1	1	0	1	1	0	0	0	0	0.0	0.262224
6uen_P_51	0.0	0.0		0	140.06	320.53	9.22	2.2885192060545485	0.27	0.4	48	14	5	0.37	0	34	6	8	0	0	0.1	0.0	0.4	0.5	1	0	2	1	0	0	0	2	0	1	2	0	0	1	0	0	0	0	0	0	0.0	0.298182
6uen_P_52	0.0	0.0		0	139.84	227.11	7.74	1.6240703661327232	0.29	0.68	45	10	4	0.44	0	34	6	5	0	0	0.11	0.22	0.22	0.44	1	0	0	1	0	1	0	0	0	0	0	2	0	1	1	0	0	1	1	0	0.0	0.238856
6uen_P_53	0.0	0.0		0	134.22	262.07	7.17	1.952540604976904	0.34	0.72	39	16	3	0.34	0	26	4	9	0	0	0.2	0.1	0.2	0.5	1	1	0	1	0	0	1	0	0	2	2	0	0	0	0	1	1	0	0	0	0.0	0.222597
6uen_P_54	0.0	0.0		0	130.4	274.12	9.48	2.1021472392638034	0.36	0.39	48	18	5	0.38	0	34	6	8	0	0	0.0	0.2	0.4	0.4	0	0	0	0	0	0	0	0	1	0	1	1	0	1	1	0	3	1	1	0	0.0	0.286797
6uen_P_55	0.0	0.0		0	127.92	183.1	8.79	1.4313633520950593	0.6	0.93	48	6	4	0.09	0	42	3	3	0	0	0.0	0.08	0.17	0.75	0	1	0	0	0	1	0	0	0	3	3	0	0	2	0	1	0	0	0	1	0.0	0.29017
6uen_P_56	0.0	0.0		0	124.55	216.12	8.27	1.735206744279406	0.44	0.9	39	8	5	0.48	0	28	6	5	0	0	0.0	0.12	0.25	0.62	0	1	0	0	0	1	0	0	0	1	0	0	1	1	1	0	1	1	0	0	0.0	0.262856
6uen_P_57	0.0	0.0		0	123.2	178.95	10.67	1.4525162337662336	0.15	0.25	51	8	5	0.28	0	37	9	5	0	0	0.0	0.25	0.25	0.5	0	1	0	0	0	0	0	2	2	2	1	0	1	1	1	0	0	0	1	0	0.0	0.338569
6uen_P_58	0.0	0.0		0	121.63	124.63	13.81	1.0246649675244597	0.1	0.11	55	8	2	0.09	0	46	4	5	0	0	0.0	0.07	0.21	0.71	0	0	0	0	0	0	0	0	0	2	5	1	0	0	1	0	0	2	3	0	0.0	0.470696
6uen_P_59	0.0	0.0		0	121.4	227.54	10.19	1.8742998352553544	0.2	0.32	46	11	3	0.39	0	35	5	5	1	0	0.0	0.0	0.4	0.6	0	0	0	0	0	0	0	1	0	2	0	0	1	0	3	0	0	0	3	0	0.0	0.32733
6uen_P_60	0.0	0.0		0	121.4	247.11	6.35	2.035502471169687	0.37	0.45	27	8	8	0.27	0	16	7	4	0	0	0.0	0.38	0.38	0.25	0	2	1	0	0	0	0	1	0	0	2	1	0	0	0	1	0	0	0	0	0.0	0.156924
6uen_P_61	0.0	0.0		0	118.71	186.19	9.82	1.5684441074888384	0.29	0.36	56	18	7	0.07	0	36	9	10	1	0	0.09	0.09	0.55	0.27	0	1	1	0	1	0	1	1	0	0	2	0	0	0	1	2	0	0	1	0	0.0	0.27026700000000003
6uen_P_62	0.0	0.0		0	115.78	227.19	8.96	1.9622560027638625	0.46	0.54	35	10	6	0.38	0	23	5	7	0	0	0.0	0.1	0.2	0.7	2	1	0	0	0	0	0	0	0	1	0	0	0	0	2	1	1	1	0	1	0.0	0.283238
6uen_P_63	0.0	0.0		0	115.11	276.2	8.81	2.3994440100773167	0.29	0.46	38	18	10	0.24	0	24	7	7	0	0	0.11	0.11	0.67	0.11	0	0	1	0	0	1	1	1	1	0	0	0	0	1	0	0	0	0	3	0	0.0	0.202459
6uen_P_64	0.0	0.0		0	112.19	256.51	6.23	2.2863891612443177	0.36	0.45	25	10	4	0.48	0	18	3	4	0	0	0.0	0.43	0.29	0.29	0	1	0	0	0	0	0	0	0	0	1	2	0	0	1	1	1	0	0	0	0.0	0.153408
6uen_P_65	0.0	0.0		0	111.74	179.93	11.79	1.610255951315554	0.12	0.15	53	14	5	0.21	0	40	5	7	1	0	0.0	0.08	0.31	0.62	0	1	1	0	1	0	0	0	0	0	2	0	0	1	1	0	2	3	0	1	0.0	0.379135
6uen_P_66	0.0	0.0		0	110.84	131.58	10.27	1.187116564417178	0.14	0.25	42	10	6	0.0	0	34	3	5	0	0	0.15	0.08	0.31	0.46	0	0	0	1	0	1	1	0	1	2	3	0	0	1	0	0	2	0	1	0	0.0	0.30790100000000004
6uen_P_67	0.0	0.0		0	110.61	279.64	8.38	2.528162010668113	0.32	0.4	39	10	7	0.23	0	26	7	6	0	0	0.0	0.25	0.5	0.25	0	1	2	0	0	1	0	1	0	0	0	1	0	1	1	0	0	0	0	0	0.0	0.210141
6uen_P_68	0.0	0.0		0	109.71	183.42	7.79	1.6718621821164892	0.42	0.66	32	12	4	0.33	0	21	5	6	0	0	0.0	0.0	0.27	0.73	1	0	0	0	0	0	0	0	0	1	0	0	0	1	2	1	0	1	2	2	0.0	0.240235
6uen_P_69	0.0	0.0		0	108.36	311.71	6.96	2.876614987080103	0.37	0.85	22	4	1	0.8	0	20	0	2	0	0	0.0	0.0	0.25	0.75	0	0	0	0	0	0	0	0	0	2	3	0	0	0	0	1	1	1	0	0	0.06	0.214616
6uen_P_70	0.0	0.0		0	108.36	224.17	8.27	2.0687523071244	0.34	0.45	27	8	1	0.5	0	23	1	3	0	0	0.0	0.0	0.11	0.89	1	0	0	0	0	0	0	0	0	3	4	0	0	0	0	0	0	0	1	0	0.0	0.256698
6uen_P_71	0.0	0.0		0	105.89	297.5	9.92	2.8095193124940976	0.18	0.25	40	10	3	0.57	0	29	6	5	0	0	0.0	0.0	0.2	0.8	0	0	0	0	0	0	0	1	0	4	2	0	0	0	2	1	0	0	0	0	0.0	0.309914
6uen_P_72	0.0	0.0		0	104.77	273.43	6.8	2.6098119690751167	0.4	0.63	36	10	5	0.35	0	25	5	6	0	0	0.25	0.12	0.38	0.25	0	0	1	2	0	0	0	0	1	0	2	0	0	0	0	1	1	0	0	0	0.0	0.159244
6uen_P_73	0.0	0.0		0	104.54	192.24	8.53	1.8389133346087625	0.31	0.74	41	2	3	0.58	0	35	5	1	0	0	0.0	0.0	0.17	0.83	1	0	1	0	0	0	0	0	0	3	4	0	0	0	0	0	1	0	0	2	0.0	0.26205500000000004
6uen_P_74	0.0	0.0		0	103.87	245.64	8.09	2.3648791758929435	0.38	0.59	33	12	7	0.34	0	23	5	5	0	0	0.0	0.14	0.29	0.57	1	0	0	0	0	0	0	0	0	1	1	1	0	0	0	1	0	0	1	1	0.0	0.235573
6uen_P_75	0.0	0.0		0	103.64	281.53	6.91	2.716422230798919	0.32	0.42	36	12	4	0.2	0	27	4	5	0	0	0.0	0.33	0.22	0.44	0	2	0	0	0	0	0	1	1	0	1	0	0	1	0	0	0	0	1	2	0.0	0.186233
6yhr_P_0	0.0	0.0		0	2264.57	2407.64	40.71	1.0631775568871793	0.1	0.2	438	132	56	0.36	0	296	73	64	5	0	0.09	0.16	0.34	0.4	5	5	1	5	2	5	3	5	6	7	7	3	4	6	1	8	4	1	5	4	0.63	0.8057770000000001
6yhr_P_1	0.0	0.0		0	822.99	1325.95	20.33	1.6111374378789536	0.15	0.29	162	44	20	0.59	0	116	22	20	4	0	0.14	0.24	0.17	0.45	0	0	3	2	0	0	2	1	2	1	4	5	4	2	1	0	0	1	1	0	0.62	0.827831
6yhr_P_2	0.0	0.0		0	603.95	969.23	17.47	1.604818279658912	0.13	0.17	146	56	16	0.43	0	101	18	26	1	0	0.19	0.12	0.34	0.34	1	2	0	3	1	3	3	2	1	0	2	1	0	2	2	2	3	4	0	0	0.41	0.7822140000000001
6yhr_P_3	0.0	0.0		0	410.74	601.53	14.77	1.4645030919803284	0.07	0.1	105	28	13	0.32	0	70	18	16	1	0	0.12	0.12	0.4	0.36	3	0	2	2	1	1	1	2	1	3	0	2	1	0	2	1	1	0	2	0	0.21	0.670135
6yhr_P_4	0.0	0.0		0	357.57	483.09	14.12	1.351036160751741	0.05	0.08	68	20	9	0.44	0	48	10	10	0	0	0.14	0.14	0.43	0.29	1	2	1	2	0	0	1	4	0	0	2	1	0	1	1	1	2	0	1	1	0.21	0.613727
6yhr_P_5	0.0	0.0		0	231.31	328.65	18.75	1.4208205438588906	0.07	0.09	74	22	4	0.21	0	55	7	12	0	0	0.06	0.06	0.33	0.56	0	1	0	0	0	2	1	1	0	2	5	0	0	2	1	2	1	0	0	0	0.0	0.7132109999999999
6yhr_P_6	0.0	0.0		0	158.66	156.97	10.08	0.9893482919450396	0.33	0.54	67	12	3	0.17	0	50	8	9	0	0	0.08	0.17	0.25	0.5	0	2	0	1	0	0	0	1	0	2	3	0	0	1	0	0	1	0	1	0	0.0	0.346842
6yhr_P_7	0.0	0.0		0	156.07	120.71	11.77	0.7734349971166784	0.19	0.3	64	4	2	0.33	0	52	5	6	1	0	0.0	0.0	0.27	0.73	0	0	1	0	1	0	0	1	0	3	6	0	0	0	0	0	0	0	1	2	0.0	0.424582
6yhr_P_8	0.0	0.0		0	136.81	304.32	10.36	2.2243988012572182	0.28	0.32	43	17	7	0.27	0	28	5	6	4	0	0.0	0.23	0.54	0.23	0	2	1	0	3	0	0	1	0	0	1	1	1	0	0	1	0	1	1	0	0.0	0.296939
6yhr_P_9	0.0	0.0		0	134.87	287.44	9.1	2.1312374879513607	0.06	0.14	35	12	3	0.52	0	26	2	7	0	0	0.1	0.3	0.2	0.4	0	1	1	1	0	0	0	0	2	1	2	0	0	1	0	1	0	0	0	0	0.0	0.276504
6yhr_P_10	0.0	0.0		0	129.92	268.39	8.38	2.06580972906404	0.12	0.29	36	14	2	0.41	0	23	5	8	0	0	0.09	0.18	0.18	0.55	0	1	0	0	0	0	1	1	0	2	1	1	1	0	0	0	1	0	0	2	0.0	0.264138
6yhr_P_11	0.0	0.0		0	122.6	216.06	8.36	1.7623164763458403	0.41	0.54	41	12	10	0.31	0	27	8	4	2	0	0.0	0.11	0.67	0.22	0	1	0	0	2	0	0	0	0	0	0	0	1	0	0	2	1	1	1	0	0.0	0.213067
6yhr_P_12	0.0	0.0		0	120.66	273.95	8.82	2.270429305486491	0.41	0.42	41	13	7	0.23	0	24	9	8	0	0	0.1	0.4	0.0	0.5	0	3	0	1	0	0	0	0	0	0	1	1	1	0	2	0	0	0	0	1	0.0	0.267422
6yhr_P_13	0.0	0.0		0	110.22	236.38	8.59	2.1446198512066776	0.31	0.44	45	10	7	0.37	0	29	8	8	0	0	0.08	0.15	0.31	0.46	1	1	0	1	0	0	0	2	1	1	1	0	2	1	0	1	0	0	1	0	0.0	0.246507
6yhr_P_14	0.0	0.0		0	108.61	275.46	10.74	2.5362305496731423	0.11	0.22	44	12	7	0.3	0	31	6	6	1	0	0.08	0.25	0.25	0.42	0	1	0	0	1	0	1	1	0	3	1	2	0	1	0	1	0	0	0	0	0.0	0.318997
6z1h_P_0	0.0	0.0		0	788.86	896.57	17.98	1.1365388028293997	0.07	0.33	205	47	28	0.33	0	145	30	29	1	0	0.09	0.09	0.38	0.45	3	2	5	1	0	1	3	1	2	0	5	0	1	3	2	3	4	4	4	3	0.49	0.811595
6z1h_P_1	0.0	0.0		0	382.53	642.82	15.68	1.6804433639191698	0.06	0.13	78	8	1	0.85	0	64	6	8	0	0	0.0	0.05	0.05	0.89	4	0	1	0	0	0	0	0	1	2	7	0	0	2	1	0	0	0	0	1	0.4	0.707281
6z1h_P_2	0.0	0.0		0	197.76	139.28	17.84	0.7042880258899676	0.08	0.21	130	32	11	0.0	0	89	21	20	0	0	0.1	0.1	0.3	0.5	5	2	0	2	0	1	1	2	1	2	2	0	0	1	1	2	1	3	3	1	0.0	0.664787
6z1h_P_3	0.0	0.0		0	187.65	425.41	13.91	2.267039701572076	0.1	0.11	65	12	5	0.6	0	48	9	8	0	0	0.0	0.08	0.31	0.62	0	0	2	0	0	0	0	1	1	3	2	0	0	1	1	0	0	0	1	1	0.1	0.530313
6z1h_P_4	0.0	0.0		0	183.23	179.04	14.34	0.9771325656278994	0.2	0.82	112	14	4	0.25	0	86	14	12	0	0	0.04	0.09	0.26	0.61	0	0	1	0	0	1	1	2	2	1	3	0	0	2	3	0	0	4	2	1	0.0	0.5425260000000001
6z1h_P_5	0.0	0.0		0	158.53	292.19	9.13	1.8431211758026869	0.27	0.43	49	14	5	0.44	0	35	6	8	0	0	0.0	0.18	0.45	0.36	0	0	0	0	0	2	0	1	1	1	0	1	0	1	2	0	2	0	0	0	0.0	0.291216
6z1h_P_6	0.0	0.0		0	128.06	322.68	8.21	2.51975636420428	0.35	0.57	45	10	5	0.62	0	35	5	5	0	0	0.12	0.12	0.12	0.62	1	1	0	0	0	0	1	0	0	1	2	0	0	0	1	0	0	0	1	0	0.02	0.263683
6z1h_P_7	0.0	0.0		0	121.73	235.63	7.89	1.9356773186560416	0.41	0.56	37	10	7	0.5	0	27	5	5	0	0	0.14	0.0	0.57	0.29	1	0	1	1	0	1	0	0	0	0	0	0	0	0	0	0	0	0	2	1	0.0	0.207649
6z1h_P_8	0.0	0.0		0	116.8	120.25	8.26	1.0295376712328768	0.12	0.15	73	10	10	0.17	0	54	9	10	0	0	0.06	0.06	0.47	0.41	1	0	0	0	0	0	1	1	1	1	0	0	2	1	1	1	2	1	4	0	0.0	0.234232
6z1h_P_9	0.0	0.0		0	113.73	323.96	7.35	2.848500835311703	0.19	0.42	39	8	3	0.61	0	30	3	6	0	0	0.43	0.14	0.14	0.29	1	0	0	0	0	0	3	0	0	0	0	1	0	0	1	0	0	0	1	0	0.0	0.185752
6z1h_P_10	0.0	0.0		0	113.54	245.04	7.47	2.1581821384534083	0.32	0.52	41	18	10	0.18	0	29	5	7	0	0	0.12	0.38	0.38	0.12	0	0	1	1	0	0	0	0	1	0	0	2	0	1	0	0	0	0	2	0	0.0	0.16359200000000002
6z1h_P_11	0.0	0.0		0	112.45	321.37	7.17	2.8578923966207204	0.22	0.32	37	12	6	0.38	0	25	5	7	0	0	0.25	0.12	0.25	0.38	0	0	0	0	0	0	2	1	0	0	1	1	0	0	0	1	0	1	0	1	0.0	0.191646
7l6r_P_0	0.0	0.0		0	611.46	968.35	18.63	1.5836685964740134	0.07	0.31	147	44	26	0.48	0	100	23	23	1	0	0.24	0.17	0.45	0.14	0	0	2	3	1	0	4	1	1	0	1	4	0	2	0	4	3	0	2	1	0.44	0.770255
7l6r_P_1	0.0	0.0		0	495.81	689.93	15.98	1.3915209455234867	0.07	0.26	125	47	16	0.28	0	78	22	23	2	0	0.14	0.03	0.41	0.41	2	0	2	4	1	0	0	4	1	1	2	0	1	2	2	2	1	0	2	2	0.27	0.7414310000000001
7l6r_P_2	0.0	0.0		0	355.71	569.21	14.27	1.6002080346349556	0.09	0.32	80	30	9	0.32	0	54	12	14	0	0	0.1	0.19	0.24	0.48	1	1	0	0	0	2	2	1	0	3	6	3	0	0	0	1	0	0	1	0	0.16	0.645239
7l6r_P_3	0.0	0.0		0	298.05	578.0	13.84	1.9392719342392213	0.08	0.12	83	23	15	0.44	0	56	13	12	2	0	0.12	0.19	0.25	0.44	1	2	2	1	0	2	1	0	0	1	0	1	2	0	0	0	0	2	0	1	0.16	0.593699
7l6r_P_4	0.0	0.0		0	161.47	318.76	7.96	1.9741128382981359	0.43	0.8	50	15	6	0.47	0	33	6	10	1	0	0.11	0.11	0.44	0.33	0	0	1	1	0	1	0	0	0	0	0	1	1	1	1	2	0	0	0	0	0.01	0.246432
7l6r_P_5	0.0	0.0		0	155.9	222.58	8.74	1.42771007055805	0.41	0.72	32	7	3	0.5	0	24	2	5	1	0	0.0	0.0	0.25	0.75	1	0	0	0	0	1	0	0	0	1	1	0	1	0	1	0	1	0	0	1	0.01	0.313712
7l6r_P_6	0.0	0.0		0	147.14	375.95	9.24	2.5550496126138373	0.07	0.08	47	14	11	0.48	0	30	10	7	0	0	0.0	0.23	0.38	0.38	1	3	3	0	0	0	0	0	0	0	1	0	0	0	1	0	1	0	1	2	0.0	0.289484
7l6r_P_7	0.0	0.0		0	127.68	304.22	10.83	2.3826754385964914	0.16	0.4	58	16	11	0.29	0	40	10	8	0	0	0.08	0.08	0.42	0.42	1	1	3	1	0	1	0	0	0	1	1	0	0	0	1	1	0	0	0	1	0.0	0.338818
7l6r_P_8	0.0	0.0		0	122.75	302.78	9.0	2.4666395112016293	0.39	0.56	48	16	4	0.49	0	33	6	9	0	0	0.0	0.22	0.44	0.33	1	0	0	0	0	1	0	1	1	0	0	1	0	1	0	0	1	0	1	1	0.0	0.253288
7l6r_P_9	0.0	0.0		0	115.26	57.92	10.59	0.5025160506680548	0.13	0.22	59	12	1	0.0	0	44	5	9	1	0	0.05	0.0	0.23	0.73	2	0	1	1	0	0	0	3	0	4	5	0	1	0	1	1	0	1	0	2	0.0	0.342277
7l6r_P_10	0.0	0.0		0	109.95	246.36	7.19	2.2406548431105047	0.37	0.71	41	12	4	0.41	0	27	7	7	0	0	0.0	0.2	0.2	0.6	0	1	1	0	0	0	0	0	0	0	4	1	0	0	1	0	1	0	0	1	0.0	0.21408
7l6r_P_11	0.0	0.0		0	105.92	296.02	8.4	2.794750755287009	0.27	0.55	43	14	7	0.38	0	27	8	8	0	0	0.11	0.11	0.33	0.44	0	1	0	1	0	0	0	1	0	0	3	0	0	0	1	0	2	0	0	0	0.0	0.234746
7l6r_P_12	0.0	0.0		0	100.54	252.83	7.64	2.5147205092500498	0.36	0.56	39	14	4	0.42	0	27	5	7	0	0	0.0	0.0	0.5	0.5	0	0	1	0	0	0	0	1	0	0	1	0	1	0	2	0	2	0	1	1	0.0	0.212102
7l6r_P_13	0.0	0.0		0	100.29	210.05	7.68	2.0944261641240405	0.33	0.71	30	8	4	0.52	0	21	6	3	0	0	0.3	0.3	0.2	0.2	0	0	1	0	1	0	3	0	1	0	1	2	0	0	0	0	0	0	0	1	0.0	0.173952
7v37_P_0	0.0	0.0		0	704.38	784.12	19.2	1.1132059399755814	0.24	0.38	164	51	20	0.36	0	107	25	29	3	0	0.2	0.14	0.34	0.31	0	2	0	4	3	1	3	2	2	3	1	1	3	1	1	4	2	2	0	0	0.45	0.8085439999999999
7v37_P_1	0.0	0.0		0	383.87	568.62	15.15	1.4812827259228385	0.11	0.29	126	36	13	0.18	0	82	20	24	0	0	0.15	0.11	0.26	0.48	0	2	0	1	0	2	3	1	0	2	3	1	0	3	3	2	2	0	0	2	0.14	0.686912
7v37_P_2	0.0	0.0		0	323.58	524.54	12.66	1.6210519809629766	0.06	0.07	72	24	1	0.52	0	54	6	12	0	0	0.06	0.06	0.19	0.69	2	0	0	1	0	0	0	2	0	0	6	1	1	0	2	1	0	0	0	0	0.21	0.5945050000000001
7v37_P_3	0.0	0.0		0	273.73	647.83	17.93	2.3666751908815256	0.13	0.24	91	34	12	0.42	0	64	11	16	0	0	0.11	0.0	0.42	0.47	1	0	1	2	0	1	0	1	0	1	3	0	1	0	1	2	1	0	2	2	0.12	0.709076
7v37_P_4	0.0	0.0		0	263.74	412.36	16.57	1.5635095169485098	0.11	0.23	87	21	12	0.33	0	63	16	6	2	0	0.06	0.17	0.11	0.67	1	1	0	1	1	0	0	0	2	1	3	0	1	3	1	0	0	0	1	2	0.08	0.6682279999999999
7v37_P_5	0.0	0.0		0	189.57	412.04	11.66	2.1735506672996783	0.29	0.56	60	18	10	0.28	0	41	9	10	0	0	0.25	0.33	0.08	0.33	0	2	0	2	0	0	1	0	0	2	2	2	0	0	0	1	0	0	0	0	0.0	0.411247
7v37_P_6	0.0	0.0		0	188.48	294.58	8.67	1.5629244482173177	0.18	0.42	55	14	7	0.36	0	38	9	8	0	0	0.08	0.17	0.17	0.58	1	0	0	1	0	0	0	2	0	1	1	2	0	1	0	0	0	0	0	3	0.0	0.329156
7v37_P_7	0.0	0.0		0	110.21	179.48	9.06	1.6285273568641685	0.38	0.55	62	10	6	0.3	0	41	11	10	0	0	0.36	0.21	0.14	0.29	0	2	0	3	0	1	2	1	1	0	0	0	0	1	2	0	0	0	0	1	0.0	0.238472
7xlq_P_0	0.0	0.0		0	1099.55	1061.75	26.7	0.9656223000318312	0.12	0.23	184	54	6	0.51	0	139	14	31	0	0	0.02	0.0	0.33	0.65	0	0	2	0	0	0	1	4	0	3	10	0	2	9	1	3	4	1	2	4	0.69	0.8183239999999999
7xlq_P_1	0.0	0.0		0	726.45	707.36	23.82	0.9737215224722968	0.1	0.33	186	48	15	0.19	0	128	27	29	2	0	0.11	0.11	0.18	0.59	3	3	1	2	0	2	3	0	1	5	6	1	4	0	3	1	4	1	0	4	0.4	0.859123
7xlq_P_2	0.0	0.0		0	702.57	753.07	17.38	1.071878958680274	0.11	0.41	151	56	16	0.2	0	100	20	31	0	0	0.17	0.1	0.31	0.41	3	2	4	1	0	0	4	0	0	3	2	1	0	2	0	5	0	0	0	2	0.39	0.799139
7xlq_P_3	0.0	0.0		0	661.39	925.13	20.51	1.3987662347480307	0.09	0.25	119	26	13	0.62	0	90	16	13	0	0	0.08	0.24	0.24	0.44	0	3	1	1	0	0	1	0	0	2	1	3	1	4	0	2	1	1	2	2	0.53	0.832306
7xlq_P_4	0.0	0.0		0	579.26	686.82	21.67	1.1856851845458	0.07	0.08	89	14	3	0.78	0	75	5	6	3	0	0.0	0.0	0.19	0.81	1	0	3	0	1	0	0	0	0	3	3	0	2	7	0	0	0	1	0	0	0.53	0.842058
7xlq_P_5	0.0	0.0		0	563.91	663.62	16.8	1.1768189959390685	0.45	0.83	124	47	12	0.29	0	84	14	25	1	0	0.07	0.03	0.34	0.55	2	1	1	0	1	2	2	1	0	3	2	0	0	4	0	3	1	0	1	5	0.33	0.784886
7xlq_P_6	0.0	0.0		0	516.14	602.4	14.9	1.16712519858953	0.09	0.21	99	18	1	0.71	0	79	8	10	2	0	0.0	0.0	0.08	0.92	0	0	0	0	0	0	0	1	0	2	7	0	2	7	0	0	1	0	0	4	0.46	0.749542
7xlq_P_7	0.0	0.0		0	437.43	533.29	11.53	1.2191436344100772	0.14	0.16	65	17	2	0.74	0	51	4	9	1	0	0.0	0.0	0.31	0.69	2	0	1	0	0	0	0	1	0	2	3	0	1	2	0	0	1	1	2	0	0.4	0.635178
7xlq_P_8	0.0	0.0		0	437.43	540.61	15.57	1.2358777404384702	0.2	0.28	92	33	13	0.27	0	61	14	16	1	0	0.14	0.05	0.33	0.48	2	1	1	2	0	3	1	0	0	0	1	0	2	0	2	2	1	1	0	2	0.22	0.7194149999999999
7xlq_P_9	0.0	0.0		0	425.73	597.27	19.37	1.4029314354168134	0.12	0.23	76	13	2	0.75	0	66	4	5	1	0	0.0	0.11	0.05	0.84	0	2	0	0	0	0	0	0	0	2	4	0	1	5	0	1	0	1	0	3	0.4	0.7903640000000001
7xlq_P_10	0.0	0.0		0	389.67	400.8	16.69	1.0285626299176225	0.12	0.35	101	35	16	0.12	0	69	13	17	2	0	0.14	0.18	0.36	0.32	0	2	1	1	1	1	2	0	0	2	0	2	1	2	0	2	2	1	1	1	0.12	0.710383
7xlq_P_11	0.0	0.0		0	369.93	511.63	22.83	1.3830454410293842	0.05	0.13	128	33	14	0.31	0	89	19	20	0	0	0.09	0.18	0.23	0.5	1	2	2	0	0	0	2	0	0	1	4	2	2	2	0	0	1	0	2	1	0.18	0.834195
7xlq_P_12	0.0	0.0		0	347.51	382.83	13.98	1.101637362953584	0.18	0.23	78	27	7	0.21	0	57	8	13	0	0	0.18	0.12	0.24	0.47	1	0	1	1	0	0	2	1	0	2	1	2	0	2	0	1	0	0	1	2	0.11	0.631759
7xlq_P_13	0.0	0.0		0	344.1	468.91	12.46	1.3627143272304565	0.4	0.57	76	23	13	0.31	0	51	13	11	1	0	0.12	0.25	0.31	0.31	0	3	2	1	0	1	1	1	0	1	1	1	1	0	1	0	1	0	0	1	0.15	0.554573
7xlq_P_14	0.0	0.0		0	325.09	447.7	14.05	1.3771570949583194	0.08	0.1	48	7	0	0.84	0	42	2	3	1	0	0.0	0.0	0.0	1.0	1	0	0	0	0	0	0	0	0	3	3	0	1	3	0	0	0	1	0	1	0.34	0.626412
7xlq_P_15	0.0	0.0		0	310.47	536.75	8.83	1.728830482816375	0.2	0.36	72	19	8	0.45	0	51	10	11	0	0	0.12	0.18	0.35	0.35	0	1	3	1	0	0	1	0	2	0	0	0	0	1	4	0	2	1	1	0	0.17	0.40042
7xlq_P_16	0.0	0.0		0	303.89	453.1	18.17	1.491000032906644	0.07	0.18	104	24	13	0.21	0	72	17	15	0	0	0.05	0.23	0.18	0.55	3	4	1	1	0	0	0	1	0	1	2	1	0	3	0	0	1	0	1	3	0.08	0.7311850000000001
7xlq_P_17	0.0	0.0		0	298.04	540.05	10.98	1.8120050999865789	0.24	0.42	57	28	14	0.25	0	34	9	12	2	0	0.22	0.06	0.5	0.22	1	0	2	1	2	1	3	2	0	0	0	1	0	0	2	1	1	0	0	1	0.08	0.444753
7xlq_P_18	0.0	0.0		0	296.33	386.42	10.93	1.3040191678196609	0.2	0.28	62	7	0	0.83	0	54	3	4	1	0	0.0	0.0	0.0	1.0	0	0	0	0	0	0	0	0	0	2	5	0	1	4	0	0	0	0	0	2	0.31	0.516618
7xlq_P_19	0.0	0.0		0	276.11	277.79	11.23	1.00608453152729	0.25	0.51	44	14	2	0.48	0	35	3	6	0	0	0.0	0.0	0.5	0.5	1	0	2	0	0	1	0	0	0	2	4	0	0	0	0	1	2	0	1	0	0.15	0.4920600000000001
7xlq_P_20	0.0	0.0		0	253.44	319.79	12.19	1.261797664141414	0.22	0.41	52	21	11	0.26	0	29	10	12	1	0	0.27	0.33	0.2	0.2	1	4	0	1	0	1	3	0	0	0	0	1	1	0	0	1	1	1	0	0	0.04	0.455643
7xlq_P_21	0.0	0.0		0	245.16	396.99	12.13	1.6193098384728342	0.27	0.41	69	20	8	0.42	0	44	16	9	0	0	0.2	0.27	0.33	0.2	0	2	1	1	1	0	2	1	2	1	1	0	0	0	1	1	1	0	0	0	0.09	0.446852
7xlq_P_22	0.0	0.0		0	234.68	341.98	8.96	1.4572183398670533	0.09	0.35	57	32	6	0.05	0	34	6	17	0	0	0.38	0.0	0.5	0.12	1	0	1	1	0	2	5	3	0	0	0	0	1	0	0	0	2	0	0	0	0.0	0.292837
7xlq_P_23	0.0	0.0		0	221.27	310.91	12.55	1.40511592172459	0.08	0.12	78	23	9	0.3	0	55	12	10	1	0	0.14	0.21	0.29	0.36	0	1	0	1	0	2	1	0	1	0	3	1	1	0	0	1	1	0	0	1	0.02	0.478267
7xlq_P_24	0.0	0.0		0	213.48	232.66	16.48	1.089844481918681	0.08	0.16	73	19	2	0.16	0	58	3	9	3	0	0.1	0.0	0.2	0.7	0	0	0	1	1	0	1	1	0	1	3	0	5	1	0	0	1	1	1	3	0.0	0.635641
7xlq_P_25	0.0	0.0		0	212.01	323.31	12.51	1.524975237017122	0.26	0.34	47	13	1	0.5	0	38	2	6	1	0	0.0	0.0	0.18	0.82	0	0	0	0	0	0	0	1	0	1	4	0	1	1	0	0	0	0	1	2	0.09	0.5
7xlq_P_26	0.0	0.0		0	208.85	305.12	13.06	1.4609528369643283	0.13	0.18	57	30	6	0.22	0	37	4	15	1	0	0.08	0.0	0.67	0.25	0	0	2	0	1	2	1	0	0	1	1	0	0	1	0	1	2	0	0	0	0.0	0.469113
7xlq_P_27	0.0	0.0		0	198.37	304.72	11.42	1.5361193728890459	0.25	0.38	37	4	1	0.83	0	34	1	1	1	0	0.0	0.0	0.08	0.92	1	0	0	0	1	0	0	0	0	1	4	0	0	3	1	0	0	0	0	1	0.2	0.447964
7xlq_P_28	0.0	0.0		0	192.27	275.4	9.8	1.4323607427055702	0.26	0.43	39	5	2	0.75	0	30	2	6	1	0	0.0	0.08	0.17	0.75	2	1	0	0	0	0	0	0	0	2	2	0	1	1	1	1	1	0	0	0	0.16	0.384314
7xlq_P_29	0.0	0.0		0	191.06	294.14	12.98	1.5395163822882862	0.14	0.28	60	18	5	0.18	0	40	10	10	0	0	0.08	0.23	0.23	0.46	1	3	0	0	0	0	1	1	0	2	1	0	0	0	0	1	1	0	0	2	0.0	0.485775
7xlq_P_30	0.0	0.0		0	190.33	371.83	12.0	1.9536068932906003	0.15	0.26	62	13	4	0.55	0	48	4	9	1	0	0.0	0.14	0.14	0.71	2	0	0	0	0	0	0	0	0	1	4	2	1	2	0	1	1	0	0	0	0.08	0.464632
7xlq_P_31	0.0	0.0		0	186.18	393.18	14.65	2.111827263938124	0.09	0.13	65	16	14	0.12	0	42	13	10	0	0	0.38	0.23	0.31	0.08	0	3	2	1	0	2	4	0	0	0	1	0	0	0	0	0	0	0	0	0	0.0	0.480143
7xlq_P_32	0.0	0.0		0	185.69	265.05	8.4	1.4273789649415694	0.27	0.55	52	12	4	0.38	0	40	5	7	0	0	0.21	0.14	0.36	0.29	0	0	0	0	0	2	3	1	2	0	1	0	0	2	0	0	1	0	1	1	0.01	0.271948
7xlq_P_33	0.0	0.0		0	185.21	320.83	11.26	1.7322498785162788	0.18	0.27	55	18	6	0.17	0	37	8	10	0	0	0.07	0.14	0.43	0.36	0	1	0	0	0	1	1	2	0	1	2	1	0	0	1	0	2	0	1	1	0.0	0.395141
7xlq_P_34	0.0	0.0		0	178.87	473.54	12.59	2.6473975512942363	0.12	0.24	45	16	9	0.47	0	31	6	8	0	0	0.0	0.21	0.29	0.5	1	1	1	0	0	0	0	2	1	2	1	1	0	2	0	0	0	0	1	1	0.03	0.46393
7xlq_P_35	0.0	0.0		0	174.0	347.47	7.01	1.9969540229885057	0.23	0.29	36	6	1	0.82	0	31	1	4	0	0	0.0	0.0	0.38	0.62	0	0	0	0	0	0	0	0	0	1	1	0	0	1	0	1	0	0	2	2	0.17	0.262144
7xlq_P_36	0.0	0.0		0	166.44	256.57	9.53	1.5415164623888489	0.41	0.51	27	2	0	0.89	0	24	1	2	0	0	0.0	0.0	0.0	1.0	1	0	0	0	0	0	0	0	0	3	3	0	0	1	0	0	0	0	0	0	0.18	0.348075
7xlq_P_37	0.0	0.0		0	159.38	219.88	7.62	1.3795959342452002	0.56	0.97	34	10	4	0.44	0	25	4	5	0	0	0.22	0.0	0.22	0.56	1	0	0	1	0	2	1	0	0	0	1	0	1	1	0	0	0	0	0	1	0.0	0.263778
7xlq_P_38	0.0	0.0		0	148.41	315.78	6.73	2.1277541944612897	0.39	0.42	34	12	4	0.43	0	24	5	5	0	0	0.25	0.38	0.12	0.25	0	1	0	1	0	0	1	0	1	1	1	1	0	0	0	1	0	0	0	0	0.0	0.183982
7xlq_P_39	0.0	0.0		0	141.59	229.61	8.24	1.6216540716152268	0.25	0.34	37	12	4	0.43	0	26	5	6	0	0	0.1	0.2	0.1	0.6	2	1	0	1	0	0	0	1	0	0	1	1	0	1	1	0	0	1	0	0	0.0	0.274283
7xlq_P_40	0.0	0.0		0	141.1	190.38	10.49	1.34925584691708	0.21	0.3	49	16	3	0.3	0	37	4	7	1	0	0.0	0.0	0.25	0.75	1	0	1	0	1	1	0	0	0	1	3	0	0	1	0	0	0	0	0	3	0.0	0.360085
7xlq_P_41	0.0	0.0		0	136.47	239.18	8.24	1.7526196233604456	0.38	0.52	28	3	0	0.9	0	26	0	1	1	0	0.0	0.0	0.0	1.0	0	0	0	0	0	0	0	0	0	2	2	0	1	2	0	0	0	0	0	1	0.14	0.277796
7xlq_P_42	0.0	0.0		0	136.23	187.28	9.47	1.3747339058944434	0.16	0.26	49	10	5	0.29	0	34	8	6	1	0	0.0	0.09	0.18	0.73	1	1	0	0	0	0	0	1	0	0	4	0	1	0	2	0	0	0	1	0	0.0	0.32100100000000004
7xlq_P_43	0.0	0.0		0	135.01	301.39	8.05	2.2323531590252568	0.23	0.27	30	2	1	0.9	0	25	2	3	0	0	0.0	0.0	0.22	0.78	1	0	0	0	0	0	0	0	0	1	2	0	0	1	0	1	0	1	1	1	0.14	0.272231
7xlq_P_44	0.0	0.0		0	128.18	309.87	8.83	2.4174598221251364	0.54	0.94	36	10	6	0.5	0	26	4	6	0	0	0.12	0.25	0.38	0.25	0	1	1	0	0	0	1	0	0	2	0	1	0	0	0	1	1	0	0	0	0.0	0.237783
7xlq_P_45	0.0	0.0		0	127.21	237.69	7.73	1.8684851819825483	0.29	0.5	39	6	9	0.32	0	28	6	5	0	0	0.11	0.22	0.33	0.33	0	0	0	1	0	0	0	1	0	2	1	2	0	0	0	2	0	0	0	0	0.0	0.213534
7xlq_P_46	0.0	0.0		0	121.36	254.89	8.22	2.1002801582069868	0.47	0.6	29	6	2	0.65	0	23	3	3	0	0	0.0	0.11	0.22	0.67	2	0	0	0	0	1	0	0	0	0	1	1	0	0	1	0	0	0	1	2	0.02	0.26105
7xlq_P_47	0.0	0.0		0	117.7	266.26	5.79	2.2621920135938827	0.2	0.27	24	8	0	0.67	0	19	1	4	0	0	0.0	0.29	0.43	0.29	1	0	0	0	0	0	0	1	0	0	0	2	0	0	0	0	0	0	2	1	0.02	0.14535499999999998
7xlq_P_48	0.0	0.0		0	117.46	192.88	7.28	1.6420909245700666	0.5	0.58	32	10	3	0.48	0	24	3	5	0	0	0.14	0.14	0.57	0.14	0	1	2	1	0	0	0	0	0	0	0	0	0	1	0	0	0	0	2	0	0.0	0.163563
7xlq_P_49	0.0	0.0		0	114.05	187.8	7.23	1.646646207803595	0.39	0.44	23	3	1	0.83	0	17	2	3	1	0	0.2	0.0	0.0	0.8	0	0	0	0	0	0	1	0	0	1	1	0	1	1	0	0	0	0	0	0	0.08	0.228904
7xlq_P_50	0.0	0.0		0	113.07	301.86	8.5	2.6696736534889896	0.36	0.86	40	12	12	0.31	0	23	10	7	0	0	0.3	0.4	0.2	0.1	0	1	0	1	0	2	2	0	2	0	0	1	1	0	0	0	0	0	0	0	0.0	0.189063
7xlq_P_51	0.0	0.0		0	111.12	204.72	6.06	1.8423326133909288	0.35	0.42	20	5	1	0.67	0	15	1	3	1	0	0.14	0.0	0.14	0.71	0	0	0	0	0	0	1	0	0	2	0	0	1	0	1	1	0	0	0	1	0.01	0.189219
7xlq_P_52	0.0	0.0		0	110.39	109.37	11.21	0.9907600326116496	0.13	0.15	64	16	6	0.08	0	46	9	9	0	0	0.06	0.12	0.53	0.29	0	0	1	1	0	1	0	1	1	0	1	1	0	2	1	1	4	0	1	1	0.0	0.320919
7xlq_P_53	0.0	0.0		0	110.39	124.96	9.47	1.1319865929884954	0.31	0.34	57	20	5	0.17	0	39	8	10	0	0	0.15	0.31	0.23	0.31	0	1	0	1	0	0	1	2	2	0	0	1	0	2	1	0	1	0	0	1	0.0	0.256772
7xlq_P_54	0.0	0.0		0	108.2	236.76	7.09	2.188170055452865	0.25	0.32	33	6	0	0.74	0	27	3	3	0	0	0.0	0.0	0.0	1.0	0	0	0	0	0	0	0	0	0	2	3	0	0	1	0	0	0	0	0	0	0.04	0.219113
7xlq_P_55	0.0	0.0		0	106.98	233.81	6.55	2.1855487006917182	0.48	0.6	23	6	13	0.14	0	15	5	3	0	0	0.0	0.5	0.38	0.12	0	2	0	0	0	2	0	0	0	0	0	2	1	0	0	1	0	0	0	0	0.0	0.135881
7xlq_P_56	0.0	0.0		0	105.52	329.81	6.73	3.125568612585292	0.58	0.75	26	12	4	0.24	0	16	4	6	0	0	0.43	0.14	0.29	0.14	0	1	1	0	0	1	3	0	0	0	0	0	0	1	0	0	0	0	0	0	0.0	0.142176
7xlq_P_57	0.0	0.0		0	105.03	229.03	9.76	2.180615062363134	0.18	0.37	46	8	4	0.5	0	37	5	4	0	0	0.1	0.1	0.2	0.6	0	0	0	0	0	0	1	0	1	0	3	0	1	1	0	0	1	1	1	0	0.0	0.296559
8sgj_P_0	0.0	0.0		0	1143.23	1432.09	25.86	1.25267006639084	0.12	0.38	264	80	31	0.28	0	179	33	52	0	0	0.29	0.16	0.2	0.35	3	3	3	7	0	1	9	2	1	5	4	5	1	3	2	2	1	0	2	1	0.6	0.80414
8sgj_P_1	0.0	0.0		0	1022.03	1076.22	27.75	1.0530219269493069	0.15	0.56	268	84	11	0.3	0	193	30	43	2	0	0.11	0.09	0.28	0.53	9	2	3	3	1	1	3	3	2	5	6	1	1	2	0	2	4	1	2	6	0.61	0.814287
8sgj_P_2	0.0	0.0		0	686.75	826.21	17.47	1.2030724426647252	0.26	0.73	136	44	5	0.38	0	94	16	24	2	0	0.13	0.07	0.27	0.53	6	1	1	2	0	2	2	1	0	2	1	1	2	1	1	4	0	1	0	2	0.45	0.809774
8sgj_P_3	0.0	0.0		0	537.44	657.32	16.6	1.2230574575766595	0.1	0.48	135	44	9	0.37	0	92	16	27	0	0	0.26	0.19	0.3	0.26	0	1	1	3	0	1	4	1	0	4	0	4	0	1	0	1	1	0	3	2	0.34	0.7427729999999999
8sgj_P_4	0.0	0.0		0	517.87	634.08	11.68	1.2243999459323769	0.13	0.4	91	28	15	0.37	0	60	14	16	1	0	0.09	0.13	0.48	0.3	0	3	1	0	1	2	2	1	0	1	1	0	1	0	1	2	4	0	0	3	0.32	0.622482
8sgj_P_5	0.0	0.0		0	506.63	769.0	19.85	1.5178730039673924	0.14	0.21	132	51	16	0.28	0	83	20	28	1	0	0.14	0.18	0.43	0.25	2	0	0	3	2	0	1	5	2	1	3	3	0	0	0	2	2	0	1	1	0.28	0.795941
8sgj_P_6	0.0	0.0		0	457.83	565.23	20.85	1.2345848895878384	0.09	0.2	153	50	11	0.14	0	106	15	32	0	0	0.09	0.0	0.4	0.51	3	0	0	1	0	0	2	4	0	3	2	0	0	1	2	7	2	1	1	6	0.19	0.821576
8sgj_P_7	0.0	0.0		0	339.33	475.99	16.38	1.4027348009312472	0.1	0.43	93	20	3	0.62	0	74	7	12	0	0	0.05	0.0	0.23	0.73	1	0	0	0	0	0	1	1	0	1	3	0	1	3	2	2	2	0	0	5	0.27	0.706929
8sgj_P_8	0.0	0.0		0	293.0	429.66	16.24	1.4664163822525598	0.06	0.18	74	11	3	0.73	0	57	7	9	1	0	0.0	0.0	0.22	0.78	1	0	1	0	0	0	0	1	0	4	4	0	1	2	0	1	1	2	0	0	0.27	0.6775909999999999
8sgj_P_9	0.0	0.0		0	225.54	288.27	13.17	1.2781324820430966	0.21	0.33	79	22	9	0.26	0	55	11	11	2	0	0.06	0.19	0.44	0.31	0	1	0	1	2	1	0	0	1	1	0	1	0	0	3	0	1	1	3	0	0.01	0.5
8sgj_P_10	0.0	0.0		0	193.39	436.4	10.39	2.256579967940432	0.26	0.52	48	16	12	0.3	0	30	11	7	0	0	0.27	0.45	0.0	0.27	0	3	0	0	0	0	3	0	1	1	0	1	0	0	0	0	0	0	0	2	0.0	0.351714
8sgj_P_11	0.0	0.0		0	178.55	282.87	9.18	1.5842621114533744	0.5	0.86	46	14	4	0.33	0	36	3	7	0	0	0.27	0.09	0.09	0.55	0	0	0	0	0	0	3	0	0	0	2	1	1	1	0	0	1	0	0	2	0.0	0.335306
8sgj_P_12	0.0	0.0		0	149.31	331.95	9.92	2.2232268434800084	0.11	0.19	34	14	9	0.18	0	20	7	7	0	0	0.18	0.36	0.36	0.09	1	2	0	1	0	1	1	0	1	0	0	1	0	0	0	1	1	0	1	0	0.0	0.259732
8sgj_P_13	0.0	0.0		0	136.27	227.5	7.55	1.6694797094004548	0.38	0.59	41	12	6	0.25	0	29	5	7	0	0	0.1	0.2	0.6	0.1	0	1	0	0	0	0	1	0	0	0	0	1	0	0	1	3	0	0	3	0	0.0	0.174426
8sgj_P_14	0.0	0.0		0	125.03	229.37	7.98	1.834519715268336	0.59	0.71	42	10	5	0.4	0	30	7	5	0	0	0.2	0.1	0.1	0.6	2	0	0	0	0	1	2	0	1	0	0	0	0	1	0	0	0	0	0	3	0.0	0.251361
8sgj_P_15	0.0	0.0		0	123.68	263.84	6.46	2.1332470892626128	0.54	0.84	30	12	3	0.25	0	20	4	6	0	0	0.29	0.29	0.14	0.29	2	1	0	0	0	1	2	0	0	0	0	1	0	0	0	0	0	0	0	0	0.0	0.166521
8sgj_P_16	0.0	0.0		0	123.23	206.81	8.87	1.6782439341069544	0.54	0.74	36	14	6	0.09	0	24	5	7	0	0	0.0	0.27	0.36	0.36	1	1	0	0	0	1	0	2	0	1	1	2	1	0	0	0	1	0	0	0	0.0	0.253879
8sgj_P_17	0.0	0.0		0	117.83	242.14	9.63	2.054994483578036	0.29	0.38	51	12	7	0.39	0	36	8	7	0	0	0.08	0.08	0.38	0.46	1	1	1	1	0	0	0	2	0	1	1	0	0	0	0	1	1	0	0	3	0.0	0.290106
8sgj_P_18	0.0	0.0		0	117.83	87.07	14.43	0.7389459390647543	0.09	0.14	69	6	2	0.38	0	54	6	9	0	0	0.06	0.0	0.24	0.71	1	0	0	0	0	0	1	2	0	2	1	0	0	3	0	1	1	3	0	2	0.0	0.490884
8sgj_P_19	0.0	0.0		0	113.56	302.99	8.79	2.668104966537513	0.26	0.28	39	16	6	0.29	0	27	4	8	0	0	0.5	0.12	0.25	0.12	0	0	0	0	0	0	4	0	0	1	0	1	0	0	0	0	1	0	1	0	0.0	0.203442
8sgj_P_20	0.0	0.0		0	107.49	200.63	6.61	1.8664992092287656	0.39	0.72	21	6	1	0.65	0	17	2	2	0	0	0.0	0.12	0.25	0.62	1	1	0	0	0	0	0	0	0	1	2	0	0	0	0	0	1	0	1	1	0.0	0.19667
8szq_P_0	0.0	0.0		0	989.49	1138.97	21.33	1.1510677217556522	0.1	0.3	188	64	23	0.33	0	125	31	32	0	0	0.15	0.17	0.25	0.43	4	3	2	1	0	0	5	2	1	0	3	3	1	5	3	1	4	0	1	1	0.61	0.807014
8szq_P_1	0.0	0.0		0	973.02	1060.76	24.2	1.0901728638671353	0.12	0.74	212	68	28	0.34	0	140	34	38	0	0	0.14	0.16	0.39	0.32	2	5	0	1	1	3	5	3	1	5	2	1	1	1	1	4	5	0	1	2	0.61	0.807026
8szq_P_2	0.0	0.0		0	774.91	923.08	15.38	1.1912093017253618	0.3	0.44	154	34	14	0.5	0	107	23	23	1	0	0.08	0.08	0.27	0.57	3	0	1	1	0	0	2	3	2	3	4	1	1	4	2	3	3	1	0	3	0.55	0.798769
8szq_P_3	0.0	0.0		0	611.21	717.19	17.24	1.1733937599188495	0.12	0.36	117	46	17	0.32	0	71	20	24	2	0	0.19	0.22	0.37	0.22	0	3	2	1	0	2	4	0	2	2	0	1	2	0	1	2	4	0	0	1	0.37	0.761317
8szq_P_4	0.0	0.0		0	582.77	644.9	20.55	1.1066115277038968	0.16	0.21	120	28	17	0.34	0	90	13	15	2	0	0.03	0.16	0.19	0.62	1	3	0	0	1	1	1	1	0	3	5	2	1	1	2	3	0	2	0	5	0.36	0.835282
8szq_P_5	0.0	0.0		0	563.38	687.94	14.41	1.2210941105470554	0.14	0.19	126	36	11	0.33	0	86	19	21	0	0	0.08	0.15	0.15	0.62	1	2	1	0	0	0	2	1	1	4	7	1	0	1	3	1	1	0	0	0	0.34	0.75075
8szq_P_6	0.0	0.0		0	498.27	770.16	13.39	1.5456680113191643	0.2	0.44	90	27	16	0.43	0	62	13	13	2	0	0.0	0.17	0.33	0.5	1	3	1	0	1	2	0	0	0	2	0	0	1	2	2	1	1	0	0	1	0.33	0.695603
8szq_P_7	0.0	0.0		0	494.28	658.05	14.21	1.3313304200048557	0.37	0.44	146	36	14	0.38	0	104	16	26	0	0	0.15	0.04	0.37	0.44	2	0	1	4	2	2	0	1	0	0	4	1	0	2	0	0	3	1	1	3	0.31	0.706015
8szq_P_8	0.0	0.0		0	439.67	659.39	16.75	1.4997384401937817	0.09	0.13	121	32	10	0.33	0	87	16	18	0	0	0.22	0.19	0.15	0.44	2	3	0	1	0	3	5	0	0	1	7	2	0	1	0	1	0	0	0	1	0.25	0.743315
8szq_P_9	0.0	0.0		0	416.29	574.97	16.82	1.3811765836316032	0.1	0.2	119	38	15	0.25	0	78	21	20	0	0	0.12	0.08	0.32	0.48	1	1	2	2	0	0	1	2	0	1	2	1	0	1	2	0	2	0	2	5	0.19	0.740016
8szq_P_10	0.0	0.0		0	353.57	550.66	16.62	1.5574285148626863	0.1	0.19	98	32	11	0.32	0	69	13	16	0	0	0.12	0.08	0.33	0.46	0	1	2	0	2	1	3	0	0	0	4	1	0	2	4	2	1	1	0	0	0.16	0.709453
8szq_P_11	0.0	0.0		0	305.74	402.0	16.84	1.3148426767841956	0.11	0.18	91	26	13	0.24	0	59	17	15	0	0	0.1	0.2	0.45	0.25	0	1	1	1	1	2	1	1	1	1	1	2	0	1	1	3	1	1	0	0	0.08	0.666149
8szq_P_12	0.0	0.0		0	289.66	530.8	12.61	1.832493267969343	0.2	0.6	88	23	17	0.4	0	57	18	12	1	0	0.11	0.11	0.44	0.33	0	2	4	2	0	0	0	1	0	1	2	0	1	0	2	1	2	0	0	0	0.14	0.527544
8szq_P_13	0.0	0.0		0	281.95	508.87	8.93	1.8048235502748715	0.11	0.16	69	26	17	0.22	0	43	13	13	0	0	0.12	0.19	0.5	0.19	0	2	2	1	0	4	1	2	0	1	2	1	0	0	0	0	0	0	0	0	0.05	0.342222
8szq_P_14	0.0	0.0		0	267.74	489.59	7.23	1.8286023754388585	0.14	0.22	57	14	8	0.54	0	37	10	10	0	0	0.18	0.27	0.27	0.27	1	1	2	1	0	0	1	0	0	0	0	2	0	0	0	0	1	1	0	1	0.17	0.289067
8szq_P_15	0.0	0.0		0	263.09	324.65	13.1	1.2339883689992015	0.11	0.13	68	16	4	0.46	0	50	8	10	0	0	0.19	0.12	0.12	0.56	0	1	0	1	0	0	2	0	1	3	1	0	0	1	2	2	0	1	0	1	0.13	0.557137
8szq_P_16	0.0	0.0		0	247.27	434.76	10.08	1.7582399805880211	0.19	0.35	64	28	11	0.37	0	42	10	12	0	0	0.13	0.13	0.53	0.2	2	2	0	0	0	1	2	2	0	1	0	0	0	0	0	0	5	0	0	0	0.08	0.361811
8szq_P_17	0.0	0.0		0	223.76	380.62	10.92	1.7010189488737937	0.16	0.21	49	13	5	0.57	0	36	6	6	1	0	0.08	0.23	0.15	0.54	1	2	0	0	0	0	1	0	1	0	2	0	1	0	0	1	1	1	0	2	0.13	0.44127
8szq_P_18	0.0	0.0		0	180.97	323.41	11.38	1.7870917831684812	0.21	0.29	45	14	4	0.4	0	32	5	8	0	0	0.08	0.08	0.42	0.42	0	0	2	1	0	0	0	1	0	2	1	1	0	1	1	0	0	0	2	0	0.01	0.40606
8szq_P_19	0.0	0.0		0	172.87	166.04	8.73	0.9604905420257996	0.28	0.8	63	12	2	0.3	0	49	6	8	0	0	0.06	0.12	0.35	0.47	0	2	0	1	0	1	0	0	0	2	2	0	0	1	2	3	2	0	0	1	0.0	0.304379
8szq_P_20	0.0	0.0		0	166.89	396.52	12.71	2.3759362454311224	0.09	0.18	59	19	12	0.21	0	40	9	9	1	0	0.07	0.27	0.33	0.33	0	2	3	0	0	0	1	0	1	1	0	1	1	1	1	0	2	0	0	1	0.0	0.43641
8szq_P_21	0.0	0.0		0	156.26	332.49	12.51	2.127799820811468	0.09	0.15	47	8	4	0.65	0	37	7	3	0	0	0.1	0.2	0.1	0.6	1	1	0	1	0	1	0	0	1	1	2	0	0	0	2	0	0	0	0	0	0.07	0.448988
8szq_P_22	0.0	0.0		0	155.59	295.22	14.39	1.8974227135420016	0.07	0.1	74	22	8	0.25	0	51	10	13	0	0	0.0	0.12	0.41	0.47	2	1	2	0	1	1	0	1	1	1	0	0	0	0	4	2	0	1	0	0	0.0	0.513329
8szq_P_23	0.0	0.0		0	141.38	218.96	10.96	1.5487339086150802	0.2	0.25	71	18	9	0.21	0	50	12	9	0	0	0.06	0.12	0.31	0.5	2	2	1	1	0	0	0	2	0	2	1	0	0	0	0	0	2	0	0	3	0.0	0.363006
8szq_P_24	0.0	0.0		0	139.25	193.49	7.45	1.3895152603231598	0.68	0.74	41	9	3	0.48	0	30	6	4	1	0	0.0	0.2	0.4	0.4	1	2	2	0	0	0	0	1	0	0	0	0	1	1	0	1	0	0	0	1	0.0	0.222833
8szq_P_25	0.0	0.0		0	133.54	349.18	7.81	2.6147970645499483	0.43	0.54	39	16	5	0.36	0	29	3	7	0	0	0.0	0.11	0.33	0.56	1	0	1	0	0	0	0	1	0	1	0	1	0	0	2	0	0	0	1	1	0.0	0.248697
8szq_P_26	0.0	0.0		0	127.16	298.81	7.5	2.349874174268638	0.56	0.79	25	8	7	0.29	0	17	5	3	0	0	0.0	0.12	0.5	0.38	0	0	1	0	0	0	0	1	0	0	1	1	0	0	1	0	1	1	1	0	0.0	0.212239
8szq_P_27	0.0	0.0		0	126.63	215.48	6.87	1.7016504777698809	0.53	0.91	30	6	0	0.73	0	25	1	4	0	0	0.0	0.0	0.12	0.88	2	0	1	0	0	0	0	0	0	0	3	0	1	0	0	0	0	0	0	1	0.06	0.229581
8szq_P_28	0.0	0.0		0	121.18	209.58	6.94	1.7294933157286685	0.27	0.32	43	12	2	0.48	0	34	3	6	0	0	0.0	0.0	0.5	0.5	0	0	2	0	1	1	0	0	0	0	0	0	0	2	1	1	0	0	0	2	0.0	0.205726
8szq_P_29	0.0	0.0		0	115.47	237.71	6.23	2.0586299471724256	0.55	0.85	35	10	0	0.58	0	24	5	6	0	0	0.11	0.11	0.22	0.56	0	1	0	1	0	1	0	0	0	1	1	0	0	0	2	1	0	0	0	1	0.0	0.186068
8szq_P_30	0.0	0.0		0	112.68	212.15	6.33	1.8827653532126376	0.35	0.46	36	10	3	0.38	0	26	5	5	0	0	0.0	0.44	0.22	0.33	0	2	0	0	0	0	0	1	1	1	1	1	0	0	0	1	0	0	0	1	0.0	0.162638
8szq_P_31	0.0	0.0		0	109.09	256.18	7.81	2.3483362361353013	0.29	0.48	38	14	3	0.43	0	27	3	7	1	0	0.25	0.12	0.38	0.25	0	1	0	0	1	0	2	0	0	1	0	0	0	1	0	1	1	0	0	0	0.0	0.190961
8y6y_P_0	0.0	0.0		0	1148.03	1419.96	26.64	1.2368666324050763	0.1	0.28	216	74	30	0.41	0	150	25	39	2	0	0.05	0.09	0.51	0.35	0	2	2	0	2	2	2	2	0	1	5	2	0	3	1	5	3	1	6	4	0.65	0.804859
8y6y_P_1	0.0	0.0		0	575.17	1081.09	19.24	1.87960081367248	0.13	0.61	128	50	17	0.41	0	88	18	21	1	0	0.08	0.21	0.33	0.38	0	3	1	1	1	0	1	1	1	0	4	1	0	1	2	2	1	0	2	2	0.38	0.807512
8y6y_P_2	0.0	0.0		0	486.34	632.71	18.16	1.300962289756138	0.09	0.13	105	24	2	0.63	0	79	10	16	0	0	0.05	0.05	0.32	0.59	4	1	0	0	0	1	1	3	0	2	3	0	0	0	1	1	0	1	2	2	0.4	0.79055
8y6y_P_3	0.0	0.0		0	214.66	387.95	7.79	1.807276623497624	0.33	0.46	40	18	4	0.48	0	29	4	7	0	0	0.1	0.1	0.5	0.3	1	0	1	0	0	0	1	0	0	1	0	1	0	1	0	2	1	0	1	0	0.08	0.274594
8y6y_P_4	0.0	0.0		0	158.53	229.88	11.63	1.4500725414747997	0.16	0.2	51	13	8	0.09	0	32	11	7	1	0	0.0	0.31	0.23	0.46	1	3	0	0	0	0	0	0	1	0	1	0	1	2	0	2	0	0	1	1	0.0	0.402724
8y6y_P_5	0.0	0.0		0	148.54	265.51	12.69	1.7874646559849199	0.08	0.23	73	18	8	0.16	0	56	9	8	0	0	0.0	0.15	0.38	0.46	0	1	0	0	1	1	0	0	1	0	1	0	0	1	0	0	0	0	3	4	0.0	0.437691
8y6y_P_6	0.0	0.0		0	130.37	287.34	11.27	2.204034670553041	0.13	0.2	53	12	3	0.46	0	38	9	6	0	0	0.0	0.18	0.18	0.64	1	1	0	0	0	2	0	0	1	2	1	0	0	1	1	0	0	0	0	1	0.0	0.37705
8y6y_P_7	0.0	0.0		0	123.01	304.25	7.17	2.4733761482806282	0.24	0.37	31	2	0	0.94	0	26	2	3	0	0	0.0	0.0	0.14	0.86	1	0	0	0	0	0	0	0	0	1	1	0	0	0	0	0	0	1	1	2	0.14	0.23540300000000006
8yf0_P_0	0.0	0.0		0	1326.93	1520.8	24.44	1.1461041652536306	0.07	0.16	328	95	17	0.36	0	236	32	55	5	0	0.07	0.06	0.3	0.57	5	2	3	3	2	0	2	8	0	5	8	2	5	3	2	2	2	4	3	6	0.63	0.8187270000000001
8yf0_P_1	0.0	0.0		0	893.49	1061.85	20.41	1.1884296410704092	0.12	0.52	195	48	9	0.51	0	142	22	28	3	0	0.03	0.0	0.39	0.58	0	0	0	0	1	1	1	6	0	3	4	0	3	4	0	3	2	3	1	4	0.63	0.8313290000000001
8yf0_P_2	0.0	0.0		0	679.83	772.57	18.66	1.1364164570554405	0.12	0.25	154	48	26	0.21	0	99	27	28	0	0	0.2	0.23	0.3	0.27	1	6	1	2	0	2	4	0	0	0	2	1	0	3	1	3	2	0	1	1	0.38	0.795233
8yf0_P_3	0.0	0.0		0	617.73	793.45	28.25	1.2844608485908082	0.1	0.15	195	52	15	0.36	0	150	17	27	1	0	0.05	0.09	0.34	0.52	0	3	1	1	1	1	1	2	1	1	5	0	0	12	0	3	6	0	1	5	0.39	0.886216
8yf0_P_4	0.0	0.0		0	601.22	727.55	21.08	1.2101227504075045	0.09	0.53	196	48	14	0.33	0	136	25	32	3	0	0.07	0.07	0.28	0.58	4	2	1	1	2	1	2	1	0	2	4	1	2	6	1	5	1	1	1	5	0.37	0.840824
8yf0_P_5	0.0	0.0		0	516.94	676.18	19.86	1.3080434866715671	0.17	0.26	164	46	16	0.22	0	116	23	24	1	0	0.1	0.23	0.26	0.42	2	2	1	0	1	1	3	2	3	1	3	2	0	3	1	1	1	1	1	2	0.26	0.812388
8yf0_P_6	0.0	0.0		0	397.96	613.01	19.41	1.5403809428083226	0.17	0.62	135	27	7	0.42	0	102	13	18	2	0	0.04	0.07	0.39	0.5	3	1	0	0	1	0	1	3	0	0	1	1	2	5	1	1	4	1	2	1	0.25	0.786614
8yf0_P_7	0.0	0.0		0	388.93	585.34	16.27	1.5050008999048672	0.16	0.27	87	25	6	0.48	0	65	9	12	1	0	0.0	0.05	0.38	0.57	3	1	0	0	0	1	0	2	0	1	0	0	1	2	2	2	1	0	2	3	0.26	0.723467
8yf0_P_8	0.0	0.0		0	239.05	505.39	15.3	2.1141602175277137	0.1	0.12	70	30	6	0.35	0	49	8	13	0	0	0.06	0.06	0.47	0.41	2	0	1	0	0	0	1	1	1	1	0	0	0	0	1	1	2	1	3	2	0.06	0.602329
8yf0_P_9	0.0	0.0		0	231.25	448.18	15.17	1.938075675675676	0.09	0.12	69	26	5	0.03	0	44	9	16	0	0	0.29	0.29	0.12	0.29	1	2	0	2	0	0	3	1	2	1	2	1	0	1	0	0	1	0	0	0	0.0	0.577206
8yf0_P_10	0.0	0.0		0	227.27	388.15	8.64	1.7078804945659347	0.29	0.6	48	22	5	0.51	0	35	4	9	0	0	0.0	0.17	0.58	0.25	0	1	0	0	0	2	0	0	1	0	0	0	0	2	0	4	0	0	1	1	0.11	0.305133
8yf0_P_11	0.0	0.0		0	218.86	341.51	8.02	1.5604039111760941	0.33	0.46	44	22	4	0.32	0	30	5	9	0	0	0.18	0.09	0.36	0.36	0	0	0	2	1	1	0	0	1	0	1	0	0	1	1	0	1	0	1	1	0.02	0.298683
8yf0_P_12	0.0	0.0		0	169.61	438.8	7.66	2.5871116089853192	0.21	0.34	48	26	5	0.28	0	31	4	13	0	0	0.08	0.0	0.69	0.23	0	0	2	0	0	1	1	1	0	1	1	0	0	1	0	2	2	0	1	0	0.0	0.22377
8yf0_P_13	0.0	0.0		0	147.13	316.43	10.17	2.1506830693944132	0.29	0.36	28	9	1	0.63	0	21	1	5	1	0	0.0	0.1	0.2	0.7	1	1	0	0	0	0	0	1	0	0	1	0	3	0	0	1	0	0	0	2	0.05	0.351958
8yf0_P_14	0.0	0.0		0	134.74	256.11	12.01	1.9007718569096042	0.15	0.21	67	18	7	0.11	0	50	9	8	0	0	0.07	0.07	0.36	0.5	0	0	1	1	1	0	0	1	0	0	2	1	0	4	1	0	2	0	0	0	0.0	0.401144
8yf0_P_15	0.0	0.0		0	125.57	412.04	9.23	3.2813570120251656	0.08	0.1	46	20	8	0.39	0	28	9	9	0	0	0.2	0.3	0.2	0.3	0	1	1	1	0	0	1	0	1	0	0	1	0	1	0	0	1	0	0	2	0.0	0.258481
8yf0_P_16	0.0	0.0		0	114.86	307.62	8.06	2.67821695977712	0.37	0.65	36	12	1	0.68	0	26	3	7	0	0	0.0	0.0	0.33	0.67	2	0	0	0	0	0	0	1	0	1	1	0	0	2	0	1	0	0	1	0	0.02	0.250285
8yf0_P_17	0.0	0.0		0	112.57	253.23	12.31	2.249533623523141	0.11	0.16	65	14	8	0.24	0	47	9	8	1	0	0.15	0.15	0.38	0.31	0	1	1	1	1	0	1	0	1	0	1	0	0	3	0	2	1	0	0	0	0.0	0.367788
8yf0_P_18	0.0	0.0		0	112.41	385.85	8.96	3.4325237968152305	0.21	0.45	34	8	1	0.79	0	27	2	3	2	0	0.0	0.0	0.2	0.8	0	0	0	0	0	0	0	0	0	1	4	0	2	0	0	1	0	0	1	1	0.06	0.283103
9di2_P_0	0.0	0.0		0	1020.93	1458.11	28.16	1.428217409616722	0.13	0.51	256	64	20	0.46	0	192	27	37	0	0	0.08	0.1	0.18	0.63	1	0	0	1	1	2	3	2	0	3	13	5	0	5	2	0	2	1	2	6	0.67	0.81497
9di2_P_1	0.0	0.0		0	946.11	1599.54	29.18	1.690649078859752	0.07	0.42	303	114	46	0.27	0	197	52	52	2	0	0.12	0.12	0.46	0.3	2	2	6	4	2	2	3	4	3	1	7	2	1	3	1	4	3	0	5	2	0.56	0.8210639999999999
9di2_P_2	0.0	0.0		0	244.99	456.53	14.68	1.8634638148495848	0.14	0.19	78	25	6	0.4	0	57	9	10	2	0	0.0	0.12	0.31	0.56	0	0	1	0	1	1	0	0	0	1	3	2	1	0	3	0	2	0	0	1	0.09	0.598119
9di2_P_3	0.0	0.0		0	240.13	297.73	16.24	1.239870070378545	0.21	0.67	113	34	6	0.09	0	85	10	17	1	0	0.04	0.04	0.29	0.62	0	0	0	1	1	3	0	1	1	3	5	0	0	3	1	1	1	0	0	3	0.0	0.6455380000000001
9di2_P_4	0.0	0.0		0	216.9	276.27	11.5	1.2737206085753805	0.17	0.27	61	15	4	0.34	0	43	5	12	1	0	0.0	0.08	0.31	0.62	0	0	0	0	0	0	0	0	0	0	3	1	1	1	2	3	1	1	0	0	0.03	0.464894
9di2_P_5	0.0	0.0		0	215.49	388.31	11.1	1.8019861710520209	0.26	0.34	74	25	12	0.29	0	49	10	14	1	0	0.2	0.2	0.33	0.27	0	0	0	2	0	0	1	0	0	0	2	3	1	1	0	2	2	0	1	0	0.01	0.395918
9di2_P_6	0.0	0.0		0	190.59	397.33	9.76	2.084736869720342	0.22	0.3	52	18	3	0.42	0	37	5	10	0	0	0.15	0.15	0.31	0.38	0	0	0	0	0	0	2	3	1	1	3	1	0	1	0	1	0	0	0	0	0.03	0.345217
9di2_P_7	0.0	0.0		0	184.45	460.0	11.82	2.4939007861209	0.11	0.16	53	26	12	0.3	0	33	9	11	0	0	0.0	0.13	0.6	0.27	0	0	1	0	0	0	0	1	1	1	0	1	0	0	3	3	4	0	0	0	0.0	0.400878
9di2_P_8	0.0	0.0		0	129.41	278.9	8.71	2.1551657522602583	0.42	0.49	45	14	9	0.3	0	29	8	8	0	0	0.0	0.2	0.5	0.3	0	2	0	0	0	1	0	0	0	0	2	0	0	0	1	3	1	0	0	0	0.0	0.242837
9di2_P_9	0.0	0.0		0	124.93	206.32	7.17	1.6514848315056432	0.41	0.55	35	10	2	0.33	0	22	7	6	0	0	0.11	0.11	0.33	0.44	1	1	0	0	0	1	1	0	0	0	1	0	0	1	0	2	0	0	0	1	0.0	0.209146
9di2_P_10	0.0	0.0		0	118.34	218.64	6.92	1.8475578840628688	0.41	0.7	34	8	5	0.41	0	23	6	5	0	0	0.11	0.11	0.11	0.67	1	0	0	0	0	1	1	0	0	1	0	1	0	1	1	0	0	0	0	2	0.0	0.216986
9di2_P_11	0.0	0.0		0	112.58	277.11	9.03	2.461449635814532	0.24	0.34	43	20	8	0.35	0	29	5	7	2	0	0.08	0.08	0.62	0.23	1	1	1	0	3	0	1	0	0	0	1	0	0	1	0	1	2	0	1	0	0.0	0.23009
9di2_P_12	0.0	0.0		0	105.09	250.37	7.39	2.3824341041012467	0.6	0.68	40	12	3	0.52	0	28	6	6	0	0	0.12	0.38	0.25	0.25	0	3	0	0	0	0	1	0	0	0	1	0	0	0	0	1	1	0	0	1	0.0	0.17591099999999998
9di9_P_0	0.0	0.0		0	1145.22	1238.77	27.87	1.0816873613803462	0.08	0.24	236	52	31	0.4	0	175	34	25	2	0	0.02	0.22	0.2	0.56	2	6	0	1	0	0	0	1	3	5	9	1	2	1	4	2	3	0	3	2	0.65	0.814823
9di9_P_1	0.0	0.0		0	751.23	925.56	18.16	1.2320594225470227	0.14	0.37	165	44	21	0.41	0	115	26	24	0	0	0.13	0.08	0.36	0.44	4	2	1	4	0	0	1	7	0	2	3	1	1	3	1	1	4	0	1	3	0.5	0.811792
9di9_P_2	0.0	0.0		0	328.77	623.74	13.32	1.8971925662317117	0.12	0.16	76	22	8	0.52	0	56	9	11	0	0	0.06	0.06	0.29	0.59	0	0	0	0	0	2	1	0	0	0	3	1	0	1	3	1	1	0	1	3	0.22	0.611987
9di9_P_3	0.0	0.0		0	315.39	488.83	11.74	1.549922318399442	0.29	0.6	63	14	4	0.65	0	49	6	8	0	0	0.0	0.29	0.21	0.5	0	0	0	0	0	0	0	0	3	0	4	1	2	0	0	1	0	0	2	1	0.26	0.5411279999999999
9di9_P_4	0.0	0.0		0	220.67	455.04	11.85	2.0620836543254635	0.13	0.25	62	16	9	0.38	0	43	10	9	0	0	0.15	0.54	0.08	0.23	0	4	0	1	0	0	1	0	1	0	1	2	0	1	0	0	0	0	1	1	0.05	0.423834
9di9_P_5	0.0	0.0		0	193.66	391.87	11.63	2.023494784674172	0.19	0.31	58	22	5	0.41	0	43	6	9	0	0	0.0	0.18	0.36	0.45	0	1	0	0	0	0	0	1	0	0	2	1	0	1	1	1	1	0	1	1	0.03	0.433115
9di9_P_6	0.0	0.0		0	187.84	407.2	14.06	2.167802385008518	0.1	0.16	58	16	12	0.28	0	37	9	12	0	0	0.17	0.25	0.25	0.33	1	2	0	1	0	0	1	0	0	0	1	1	1	0	1	0	1	0	2	0	0.0	0.508977
9di9_P_7	0.0	0.0		0	170.82	345.31	9.67	2.0214846036763845	0.38	0.68	51	11	7	0.5	0	36	7	6	2	0	0.0	0.3	0.2	0.5	1	1	0	0	1	0	0	0	0	0	2	2	2	0	0	0	0	0	1	0	0.04	0.341901
9di9_P_8	0.0	0.0		0	155.07	253.02	7.98	1.6316502224801703	0.15	0.36	43	8	7	0.48	0	31	8	3	1	0	0.1	0.3	0.2	0.4	0	2	0	1	1	0	0	0	0	1	1	1	0	1	1	1	0	0	0	0	0.0	0.252722
9di9_P_9	0.0	0.0		0	143.94	233.58	8.28	1.6227594831179657	0.47	0.49	49	9	5	0.55	0	35	7	6	1	0	0.1	0.2	0.2	0.5	0	2	0	1	0	0	0	0	0	0	2	0	1	0	1	0	0	0	2	1	0.02	0.267697
9di9_P_10	0.0	0.0		0	118.72	295.06	8.81	2.4853436657681938	0.23	0.29	50	14	2	0.61	0	34	8	7	1	0	0.0	0.18	0.27	0.55	0	1	0	0	1	0	0	1	1	1	2	0	0	2	1	1	0	0	0	0	0.0	0.269924
9di9_P_11	0.0	0.0		0	108.48	251.61	8.59	2.3194137168141595	0.5	0.58	34	10	4	0.44	0	21	6	7	0	0	0.22	0.11	0.44	0.22	0	1	0	2	0	1	0	1	0	1	1	0	0	0	0	1	1	0	0	0	0.0	0.21083
9di9_P_12	0.0	0.0		0	103.55	315.86	9.38	3.0503138580395945	0.21	0.35	45	14	6	0.44	0	32	6	7	0	0	0.25	0.12	0.12	0.5	1	0	0	1	0	0	1	1	0	0	1	1	0	1	0	0	0	0	0	1	0.0	0.273086
9fsk_P_0	0.0	0.0		0	1325.82	1650.3	22.26	1.244739104855863	0.11	0.28	320	98	42	0.27	0	212	55	51	2	0	0.05	0.22	0.33	0.4	4	6	2	0	2	3	3	5	4	1	7	3	1	3	1	3	3	1	2	6	0.59	0.804239
9fsk_P_1	0.0	0.0		0	602.88	722.7	19.17	1.1987460191082804	0.23	0.59	134	38	10	0.34	0	99	13	22	0	0	0.06	0.1	0.35	0.48	0	2	2	2	0	5	0	1	0	3	3	1	1	4	2	2	1	0	0	2	0.37	0.8176260000000001
9fsk_P_2	0.0	0.0		0	483.2	611.71	15.82	1.2659561258278147	0.1	0.24	99	29	12	0.41	0	67	17	14	1	0	0.1	0.24	0.24	0.43	0	1	1	0	0	2	2	2	2	2	2	2	1	2	1	0	0	1	0	0	0.31	0.735953
9fsk_P_3	0.0	0.0		0	343.3	526.22	16.61	1.5328284299446548	0.13	0.2	100	32	13	0.24	0	64	18	18	0	0	0.12	0.12	0.29	0.46	1	1	1	1	0	0	2	4	0	3	4	2	1	1	0	0	1	0	1	1	0.12	0.7047640000000001
9fsk_P_4	0.0	0.0		0	311.3	488.03	11.77	1.5677160295534853	0.11	0.35	61	22	7	0.4	0	42	7	12	0	0	0.21	0.14	0.21	0.43	2	1	0	0	0	1	3	1	0	0	1	1	0	1	1	0	1	0	0	1	0.15	0.528626
9fsk_P_5	0.0	0.0		0	191.55	301.18	8.33	1.5723309840772643	0.13	0.23	54	16	7	0.39	0	38	8	8	0	0	0.15	0.08	0.54	0.23	0	0	2	1	0	0	1	1	1	1	1	0	0	1	0	2	0	0	2	0	0.02	0.262808
9fsk_P_6	0.0	0.0		0	176.26	448.92	10.51	2.5469193237263137	0.31	0.53	57	10	10	0.49	0	40	9	8	0	0	0.0	0.2	0.2	0.6	0	1	1	0	0	1	0	0	0	1	2	1	0	0	1	0	0	0	0	2	0.04	0.388086
9fsk_P_7	0.0	0.0		0	164.93	459.71	12.96	2.787303704601952	0.08	0.11	55	22	6	0.3	0	39	6	10	0	0	0.4	0.1	0.1	0.4	0	1	0	0	0	0	4	0	0	1	1	0	0	2	0	0	0	0	1	0	0.0	0.455211
9fsk_P_8	0.0	0.0		0	153.47	296.33	6.82	1.930865967290024	0.41	0.63	42	14	6	0.43	0	28	8	6	0	0	0.1	0.1	0.5	0.3	0	0	2	0	1	0	1	1	1	0	2	0	0	0	1	0	0	0	1	0	0.0	0.198246
9fsk_P_9	0.0	0.0		0	126.14	331.88	8.71	2.6310448707785	0.28	0.5	48	18	5	0.32	0	34	6	8	0	0	0.22	0.11	0.22	0.44	0	0	0	1	0	0	1	0	1	1	1	0	0	0	1	0	2	0	0	1	0.0	0.261357
9fsk_P_10	0.0	0.0		0	116.03	187.92	7.3	1.6195811428078943	0.64	0.78	30	6	3	0.36	0	23	4	3	0	0	0.22	0.33	0.11	0.33	0	2	0	1	0	0	1	0	1	0	1	0	0	0	0	0	0	1	1	1	0.0	0.192472
9fsk_P_11	0.0	0.0		0	110.91	160.76	6.56	1.4494635289874667	0.39	0.64	31	12	5	0.41	0	22	4	5	0	0	0.14	0.14	0.57	0.14	0	0	0	0	1	0	1	0	1	0	0	0	0	0	0	0	1	0	2	1	0.0	0.140817
9fsk_P_12	0.0	0.0		0	105.73	200.42	6.8	1.895583089000284	0.7	0.83	27	6	2	0.6	0	22	2	3	0	0	0.0	0.25	0.12	0.62	1	1	0	0	0	0	0	0	0	1	1	1	0	0	0	0	1	1	0	1	0.0	0.201034
9fsk_P_13	0.0	0.0		0	100.22	187.86	6.32	1.874476152464578	0.33	0.59	31	4	6	0.5	0	24	4	3	0	0	0.0	0.57	0.14	0.29	0	3	0	0	0	0	0	0	0	0	1	1	0	1	0	0	1	0	0	0	0.0	0.148927
9ouk_P_0	0.0	0.0		0	1060.33	1327.79	23.76	1.252242226476663	0.08	0.2	226	72	27	0.37	0	155	35	34	2	0	0.09	0.13	0.17	0.62	2	2	0	2	0	2	2	1	3	4	9	1	3	2	3	1	2	0	2	6	0.63	0.820832
9ouk_P_1	0.0	0.0		0	811.83	1092.48	29.74	1.3457004545286575	0.05	0.23	201	62	16	0.37	0	148	21	31	1	0	0.07	0.09	0.36	0.48	0	1	2	1	3	1	2	1	0	5	9	3	1	1	3	4	4	1	1	1	0.52	0.8647030000000001
9ouk_P_2	0.0	0.0		0	558.05	994.92	19.51	1.7828509990144252	0.15	0.66	121	42	21	0.32	0	82	19	19	1	0	0.22	0.26	0.17	0.35	0	2	0	3	1	0	2	0	0	0	3	4	1	0	1	2	0	2	1	1	0.33	0.806941
9ouk_P_3	0.0	0.0		0	395.45	502.56	16.65	1.2708559868504237	0.15	0.6	121	47	18	0.1	0	79	16	24	2	0	0.03	0.1	0.38	0.48	3	2	0	0	2	1	1	1	1	2	3	0	2	2	2	2	4	0	1	0	0.11	0.72888
9ouk_P_4	0.0	0.0		0	379.6	543.7	18.83	1.4322971548998946	0.04	0.11	96	28	12	0.2	0	64	14	18	0	0	0.15	0.2	0.25	0.4	1	3	0	2	0	2	1	2	1	3	1	0	0	0	3	0	0	0	1	0	0.14	0.7651060000000001
9ouk_P_5	0.0	0.0		0	329.77	653.87	15.43	1.982806198259393	0.06	0.15	92	24	16	0.49	0	66	14	12	0	0	0.14	0.1	0.33	0.43	2	1	0	1	1	0	2	1	0	2	1	1	0	1	2	2	1	0	2	1	0.21	0.659676
9ouk_P_6	0.0	0.0		0	271.33	417.55	13.15	1.5389009692993774	0.07	0.11	66	22	10	0.22	0	43	11	11	1	0	0.13	0.13	0.33	0.4	0	0	1	2	0	3	0	0	1	2	1	1	1	0	1	0	1	0	0	1	0.04	0.545929
9ouk_P_7	0.0	0.0		0	227.82	392.52	14.29	1.722939162496708	0.11	0.61	97	22	12	0.33	0	70	14	13	0	0	0.05	0.1	0.25	0.6	2	1	0	0	0	1	1	1	0	2	4	1	1	2	0	1	1	0	1	1	0.04	0.5746319999999999
9ouk_P_8	0.0	0.0		0	202.0	290.21	14.15	1.4366831683168315	0.18	0.34	49	10	5	0.5	0	37	5	7	0	0	0.08	0.25	0.5	0.17	0	1	0	1	0	2	0	0	0	0	0	2	0	1	0	1	1	1	2	0	0.07	0.491493
9ouk_P_9	0.0	0.0		0	200.04	225.03	11.21	1.1249250149970007	0.31	0.43	53	6	4	0.7	0	43	7	3	0	0	0.1	0.1	0.2	0.6	0	0	1	0	0	0	1	0	1	0	0	0	0	2	1	1	0	3	0	0	0.15	0.437648
9ouk_P_10	0.0	0.0		0	138.14	337.86	10.21	2.445779643839584	0.18	0.39	58	21	5	0.42	0	39	9	7	3	0	0.0	0.31	0.38	0.31	0	1	1	0	2	2	0	0	1	0	2	2	1	1	0	0	0	0	0	0	0.0	0.306339
9ouk_P_11	0.0	0.0		0	133.12	381.28	7.53	2.864182692307692	0.21	0.33	35	12	4	0.45	0	25	4	5	1	0	0.43	0.29	0.29	0.0	0	1	0	1	1	1	2	0	0	0	0	1	0	0	0	0	0	0	0	0	0.0	0.153574
9ouk_P_12	0.0	0.0		0	107.75	78.57	10.48	0.7291879350348027	0.2	0.34	59	12	2	0.0	0	42	7	10	0	0	0.07	0.2	0.13	0.6	1	3	0	0	0	0	1	0	0	4	3	0	0	0	1	1	0	0	1	0	0.0	0.325876
9ouk_P_13	0.0	0.0		0	104.03	291.17	6.75	2.7989041622608863	0.4	0.7	28	4	10	0.22	0	18	7	3	0	0	0.14	0.29	0.14	0.43	0	2	1	1	0	0	0	0	0	0	3	0	0	0	0	0	0	0	0	0	0.0	0.180156
