name	lig_cov	poc_cov	lig_name	4A_crit	volume	surface	depth	surf/vol	ell c/a	ell b/a	siteAtms	accept	donor	hydrophobicity	metal	Cs	Ns	Os	Ss	Xs	negAA	posAA	polarAA	apolarAA	ALA	ARG	ASN	ASP	CYS	GLN	GLU	GLY	HIS	ILE	LEU	LYS	MET	PHE	PRO	SER	THR	TRP	TYR	VAL	simpleScore	drugScore
21du_P_0	0.0	0.0		0	833.6	1111.82	20.26	1.3337571976967368	0.32	0.55	187	61	21	0.22	0	127	27	32	1	0	0.08	0.05	0.32	0.54	3	1	1	2	1	2	1	2	1	2	4	0	2	6	1	4	2	1	0	1	0.48	0.8331629999999999
21du_P_1	0.0	0.0		0	409.47	479.91	16.01	1.1720272547439372	0.1	0.23	91	38	9	0.33	0	65	9	15	2	0	0.1	0.29	0.14	0.48	1	2	1	1	0	0	1	0	2	1	4	2	2	0	1	1	0	0	1	1	0.22	0.718965
21du_P_2	0.0	0.0		0	242.69	464.98	16.99	1.915942148419795	0.07	0.14	56	14	7	0.51	0	41	8	7	0	0	0.0	0.27	0.2	0.53	0	2	0	0	0	1	0	0	1	1	3	1	2	1	0	2	0	0	0	1	0.12	0.665895
21du_P_3	0.0	0.0		0	217.54	365.28	8.26	1.679139468603475	0.33	0.6	48	10	0	0.74	0	37	4	7	0	0	0.0	0.0	0.27	0.73	0	0	0	0	0	0	0	1	0	2	3	0	1	1	0	0	1	0	1	1	0.19	0.35236
21du_P_4	0.0	0.0		0	148.03	94.18	12.27	0.6362223873539148	0.15	0.29	81	13	5	0.0	0	62	8	9	2	0	0.0	0.0	0.47	0.53	0	0	2	0	1	1	0	1	0	0	5	0	1	2	0	2	1	1	0	0	0.0	0.426913
21du_P_5	0.0	0.0		0	117.31	296.52	8.04	2.527661750916375	0.28	0.54	45	20	4	0.47	0	34	4	7	0	0	0.0	0.12	0.5	0.38	1	0	0	0	0	0	0	0	1	2	0	0	0	0	0	0	1	0	3	0	0.0	0.222529
21du_P_6	0.0	0.0		0	114.24	205.2	6.71	1.796218487394958	0.1	0.2	40	6	2	0.75	0	31	5	4	0	0	0.0	0.0	0.38	0.62	0	0	0	0	0	0	0	1	0	0	0	0	1	4	0	0	2	0	0	0	0.05	0.20464
22mj_P_0	0.0	0.0		0	1245.7	1487.94	20.1	1.1944609456530464	0.08	0.17	283	64	24	0.47	0	202	39	39	3	0	0.04	0.13	0.41	0.43	1	2	7	1	2	3	1	2	4	6	6	1	1	3	4	4	3	1	1	1	0.67	0.801305
22mj_P_1	0.0	0.0		0	213.5	121.33	15.72	0.5682903981264636	0.09	0.13	71	2	0	0.33	0	65	2	4	0	0	0.0	0.0	0.0	1.0	1	0	0	0	0	0	0	0	0	6	6	0	0	2	0	0	0	1	0	5	0.01	0.591262
22mj_P_2	0.0	0.0		0	212.67	354.56	8.64	1.6671838999388726	0.25	0.46	55	14	8	0.55	0	41	8	6	0	0	0.18	0.27	0.18	0.36	0	2	0	1	0	0	1	1	0	0	3	1	0	0	0	1	0	1	0	0	0.11	0.316916
22mj_P_3	0.0	0.0		0	198.78	339.93	9.72	1.7100814971325082	0.4	0.57	56	16	7	0.41	0	41	6	9	0	0	0.0	0.15	0.38	0.46	0	1	3	0	0	1	0	0	0	0	5	1	0	1	0	0	0	0	1	0	0.03	0.359514
22mj_P_4	0.0	0.0		0	178.5	303.64	9.86	1.701064425770308	0.2	0.5	56	24	8	0.06	0	38	9	9	0	0	0.07	0.14	0.5	0.29	1	0	2	0	0	2	1	1	1	1	1	1	1	0	0	2	0	0	0	0	0.0	0.321403
22mj_P_5	0.0	0.0		0	158.78	205.4	7.81	1.293613805265147	0.52	0.75	42	15	5	0.26	0	27	6	9	0	0	0.23	0.23	0.31	0.23	1	1	2	2	0	0	1	0	2	0	0	0	0	0	1	0	1	1	1	0	0.0	0.221262
22mj_P_6	0.0	0.0		0	118.72	246.55	10.75	2.076735175202157	0.16	0.22	49	10	8	0.36	0	35	8	6	0	0	0.09	0.45	0.27	0.18	0	2	0	1	0	0	0	0	0	0	1	3	0	0	1	0	1	0	2	0	0.0	0.288528
22mj_P_7	0.0	0.0		0	117.44	273.79	7.64	2.3313181198910082	0.49	0.61	45	10	9	0.5	0	31	9	5	0	0	0.09	0.09	0.27	0.55	2	1	1	1	0	0	0	0	0	0	1	0	0	0	1	2	0	1	0	1	0.0	0.229477
22mj_P_8	0.0	0.0		0	109.5	225.96	6.67	2.0635616438356164	0.29	0.55	24	12	5	0.23	0	14	4	6	0	0	0.11	0.22	0.56	0.11	0	0	1	1	0	1	0	0	2	0	1	0	0	0	0	2	1	0	0	0	0.0	0.137983
22mj_P_9	0.0	0.0		0	104.83	202.14	6.12	1.9282648096918815	0.45	0.61	30	10	5	0.42	0	19	5	6	0	0	0.25	0.38	0.12	0.25	0	1	0	1	0	1	1	0	1	2	0	1	0	0	0	0	0	0	0	0	0.0	0.141665
6s3a_P_0	0.0	0.0		0	765.5	1011.51	17.14	1.3213716525146963	0.07	0.15	143	37	9	0.43	0	102	18	21	2	0	0.14	0.07	0.21	0.59	2	1	1	4	1	0	0	1	1	2	5	0	1	3	3	3	0	0	0	1	0.52	0.815667
6s3a_P_1	0.0	0.0		0	382.08	612.06	14.16	1.6019158291457285	0.1	0.16	83	28	7	0.54	0	60	8	14	1	0	0.06	0.29	0.29	0.35	0	1	1	0	2	0	1	0	0	0	2	4	0	1	0	1	1	0	0	3	0.28	0.6392869999999999
6s3a_P_2	0.0	0.0		0	264.26	381.63	16.1	1.4441459169000228	0.1	0.23	95	18	9	0.48	0	69	17	9	0	0	0.12	0.18	0.18	0.53	0	2	0	1	0	0	1	0	1	1	1	0	0	3	2	1	1	0	1	2	0.14	0.652304
6s3a_P_3	0.0	0.0		0	173.5	344.75	13.8	1.9870317002881843	0.05	0.12	46	20	7	0.31	0	28	8	10	0	0	0.07	0.13	0.47	0.33	2	0	1	0	0	0	1	4	1	2	0	1	0	0	0	2	0	0	0	1	0.0	0.487242
6s3a_P_4	0.0	0.0		0	165.89	362.63	11.38	2.1859666043763943	0.22	0.27	57	19	3	0.42	0	41	6	9	1	0	0.08	0.15	0.23	0.54	0	0	0	0	0	1	1	1	0	1	1	2	1	2	1	0	0	0	1	1	0.0	0.407985
6s3a_P_5	0.0	0.0		0	148.42	264.24	7.47	1.7803530521493065	0.3	0.4	32	12	4	0.43	0	22	4	6	0	0	0.14	0.14	0.43	0.29	1	1	0	0	0	0	1	0	0	1	0	0	0	0	0	1	2	0	0	0	0.0	0.212801
6s3a_P_6	0.0	0.0		0	138.75	406.41	13.98	2.929081081081081	0.03	0.05	51	16	10	0.26	0	35	8	8	0	0	0.4	0.4	0.0	0.2	0	3	0	2	0	0	2	0	1	0	0	0	1	1	0	0	0	0	0	0	0.0	0.4437680000000001
6s3a_P_7	0.0	0.0		0	134.27	308.87	8.74	2.300364936322336	0.13	0.21	41	14	6	0.33	0	27	7	7	0	0	0.09	0.18	0.36	0.36	1	0	0	1	0	0	0	2	0	1	0	2	1	0	1	2	0	0	0	0	0.0	0.257565
6s3a_P_8	0.0	0.0		0	110.53	262.22	8.06	2.3723875870804307	0.15	0.32	29	10	4	0.52	0	21	3	4	1	0	0.12	0.25	0.38	0.25	0	0	0	1	1	0	0	0	0	0	0	2	1	0	1	0	1	0	1	0	0.0	0.199795
6s3a_P_9	0.0	0.0		0	103.17	190.5	7.39	1.8464669962198312	0.32	0.46	33	9	3	0.48	0	21	3	5	4	0	0.11	0.0	0.56	0.33	0	0	0	1	4	0	0	0	0	0	0	0	1	0	1	1	0	0	0	1	0.0	0.186464
6vvq_P_0	0.0	0.0		0	1077.25	1317.02	21.81	1.2225760037131586	0.24	0.55	208	59	29	0.44	0	147	27	32	2	0	0.07	0.13	0.4	0.4	2	2	2	1	1	1	2	3	2	1	3	2	1	5	2	3	5	1	3	3	0.66	0.803182
6vvq_P_1	0.0	0.0		0	387.9	566.3	19.51	1.4599123485434389	0.09	0.17	91	24	9	0.46	0	63	13	15	0	0	0.06	0.11	0.28	0.56	1	0	1	1	0	1	0	0	0	1	2	2	0	2	1	1	1	0	1	3	0.25	0.787325
6vvq_P_2	0.0	0.0		0	315.46	444.04	15.02	1.4075952577188868	0.08	0.37	121	30	14	0.15	0	78	23	20	0	0	0.18	0.11	0.29	0.43	3	3	0	4	0	2	1	1	0	1	5	0	0	2	0	2	0	1	3	0	0.06	0.640347
6vvq_P_3	0.0	0.0		0	205.44	444.59	14.66	2.1640868380062304	0.11	0.22	67	28	6	0.36	0	43	9	15	0	0	0.06	0.06	0.56	0.33	2	0	1	0	0	0	1	1	0	1	1	1	0	1	0	5	1	0	2	1	0.02	0.546201
6vvq_P_4	0.0	0.0		0	188.86	284.34	11.89	1.5055596738324684	0.13	0.52	63	20	9	0.19	0	42	11	9	1	0	0.0	0.07	0.33	0.6	1	1	2	0	1	0	0	0	0	0	5	0	0	0	0	2	0	1	0	2	0.0	0.454024
6vvq_P_5	0.0	0.0		0	163.26	316.94	12.77	1.94132059291927	0.12	0.22	51	20	8	0.28	0	35	7	9	0	0	0.08	0.17	0.25	0.5	0	0	0	1	0	1	0	0	0	0	4	2	1	1	0	2	0	0	0	0	0.0	0.457804
6vvq_P_6	0.0	0.0		0	156.93	227.33	9.13	1.448607659466004	0.27	0.43	49	10	6	0.48	0	37	4	8	0	0	0.08	0.25	0.25	0.42	0	0	0	0	0	0	1	0	1	0	1	2	1	0	0	1	0	2	2	1	0.01	0.298112
6vvq_P_7	0.0	0.0		0	156.42	419.62	9.3	2.6826492775859867	0.13	0.28	59	14	8	0.55	0	41	10	7	1	0	0.08	0.23	0.38	0.31	0	1	0	1	1	0	0	0	0	0	0	2	0	0	2	2	0	0	2	2	0.04	0.28648
6vvq_P_8	0.0	0.0		0	155.65	261.09	11.44	1.6774172823642786	0.16	0.26	56	14	8	0.29	0	37	10	9	0	0	0.21	0.21	0.29	0.29	0	2	0	1	0	0	2	1	1	0	1	0	0	1	0	2	1	0	0	2	0.0	0.363375
6vvq_P_9	0.0	0.0		0	127.1	325.61	8.87	2.561841070023604	0.26	0.55	49	12	6	0.33	0	35	8	6	0	0	0.18	0.09	0.27	0.45	1	1	1	2	0	0	0	1	0	0	1	0	0	0	2	0	0	1	1	0	0.0	0.269216
6vvq_P_10	0.0	0.0		0	118.78	285.53	10.35	2.4038558679912443	0.18	0.36	49	16	6	0.33	0	32	9	8	0	0	0.3	0.5	0.2	0.0	0	3	0	1	0	0	2	0	2	0	0	0	0	0	0	0	1	0	1	0	0.0	0.233929
6vvq_P_11	0.0	0.0		0	116.67	406.91	10.23	3.4877003514185314	0.2	0.33	41	19	6	0.42	0	29	4	7	1	0	0.0	0.09	0.36	0.55	0	0	0	0	0	0	0	0	0	1	0	1	2	2	0	2	1	0	1	1	0.0	0.320146
6z1m_P_0	0.0	0.0		0	1313.41	1620.89	30.43	1.2341081611987117	0.28	0.68	322	91	40	0.38	0	221	47	53	1	0	0.13	0.1	0.34	0.43	6	2	6	4	0	1	5	4	3	1	7	2	2	2	3	5	1	4	6	4	0.64	0.8068
6z1m_P_1	0.0	0.0		0	1195.26	1257.78	28.45	1.0523066111139	0.12	0.41	250	50	19	0.45	0	192	27	31	0	0	0.02	0.15	0.25	0.58	3	1	4	0	0	0	1	2	3	4	10	3	0	4	3	2	1	3	3	1	0.67	0.814029
6z1m_P_2	0.0	0.0		0	131.2	296.85	8.7	2.2625762195121957	0.21	0.35	46	16	5	0.36	0	32	6	8	0	0	0.0	0.1	0.5	0.4	0	0	0	0	0	2	0	1	0	1	0	1	0	1	2	0	2	0	0	0	0.0	0.25915
6z1m_P_3	0.0	0.0		0	128.38	247.07	8.31	1.9245209534195358	0.45	0.57	51	12	6	0.36	0	37	8	6	0	0	0.18	0.27	0.18	0.36	0	2	2	0	0	0	2	0	1	1	2	0	0	0	1	0	0	0	0	0	0.0	0.23835
6z1m_P_4	0.0	0.0		0	120.9	284.68	11.74	2.3546732837055417	0.09	0.13	39	18	2	0.29	0	25	4	10	0	0	0.2	0.2	0.1	0.5	1	1	0	1	0	0	1	0	0	2	1	1	0	0	0	1	0	0	0	1	0.0	0.377119
6z1m_P_5	0.0	0.0		0	118.53	262.28	6.56	2.2127731376022943	0.29	0.38	36	14	4	0.38	0	24	5	7	0	0	0.56	0.11	0.0	0.33	1	0	0	3	0	0	2	0	1	0	0	0	0	0	0	0	0	0	0	2	0.0	0.172567
6z1m_P_6	0.0	0.0		0	116.54	283.87	10.54	2.4358160288313027	0.34	0.58	52	10	9	0.32	0	34	10	8	0	0	0.0	0.22	0.33	0.44	0	1	1	0	0	1	0	1	0	1	2	1	0	1	0	0	0	0	0	0	0.0	0.321284
6z1m_P_7	0.0	0.0		0	104.83	212.07	8.02	2.022989602213107	0.19	0.44	36	16	4	0.26	0	28	2	6	0	0	0.25	0.25	0.38	0.12	0	0	1	2	0	0	0	0	1	0	0	1	0	1	0	0	0	0	2	0	0.0	0.174199
7e40_P_0	0.0	0.0		0	277.95	459.45	11.79	1.652995143011333	0.15	0.26	61	22	7	0.4	0	43	8	10	0	0	0.13	0.27	0.27	0.33	0	1	0	2	0	0	0	1	0	1	2	3	0	1	0	2	0	1	1	0	0.12	0.48743
7e40_P_1	0.0	0.0		0	276.61	666.07	16.01	2.40797512743574	0.06	0.11	78	19	16	0.4	0	52	15	10	1	0	0.0	0.12	0.62	0.25	0	1	2	0	0	2	0	2	0	0	1	1	1	1	0	2	2	1	0	0	0.12	0.626267
7e40_P_2	0.0	0.0		0	248.89	564.03	14.22	2.266181847402467	0.05	0.09	76	24	3	0.6	0	55	5	16	0	0	0.12	0.06	0.25	0.56	1	0	0	0	0	0	2	0	0	0	2	1	1	3	0	1	1	0	2	2	0.17	0.585313
7e40_P_3	0.0	0.0		0	213.46	340.1	9.24	1.5932727443080672	0.22	0.33	43	8	6	0.5	0	34	5	4	0	0	0.09	0.09	0.09	0.73	2	1	0	0	0	0	1	0	0	2	0	0	0	0	0	0	0	1	1	3	0.09	0.382493
7e40_P_4	0.0	0.0		0	205.27	238.76	13.21	1.1631509718906805	0.12	0.2	65	20	2	0.29	0	48	6	11	0	0	0.13	0.07	0.13	0.67	1	0	0	1	0	0	1	2	1	3	3	0	0	3	0	0	0	0	0	0	0.0	0.5211640000000001
7e40_P_5	0.0	0.0		0	188.6	328.58	10.66	1.74220572640509	0.08	0.1	45	20	1	0.47	0	33	1	9	2	0	0.17	0.08	0.17	0.58	2	0	0	0	0	0	2	0	0	1	0	1	2	1	1	0	1	0	1	0	0.05	0.404087
7e40_P_6	0.0	0.0		0	164.79	438.56	8.89	2.661326536804418	0.31	0.6	57	12	10	0.51	0	39	10	8	0	0	0.0	0.25	0.17	0.58	2	1	0	0	0	1	0	0	0	0	2	2	0	1	1	0	1	0	0	1	0.03	0.316252
7e40_P_7	0.0	0.0		0	155.17	287.82	12.14	1.8548688535154991	0.13	0.35	55	6	6	0.57	0	45	5	5	0	0	0.0	0.5	0.2	0.3	0	1	0	0	0	0	0	0	0	1	1	4	0	1	0	0	1	0	1	0	0.04	0.396637
7e40_P_8	0.0	0.0		0	130.97	253.21	8.04	1.9333435137817825	0.55	0.68	40	10	2	0.57	0	31	3	6	0	0	0.25	0.0	0.38	0.38	0	0	1	0	0	0	2	0	0	1	0	0	1	0	0	1	0	1	1	0	0.01	0.232721
7e40_P_9	0.0	0.0		0	127.07	270.08	8.58	2.125442669394822	0.28	0.46	42	12	4	0.38	0	30	6	6	0	0	0.22	0.22	0.0	0.56	1	2	0	0	0	0	2	0	0	0	2	0	0	0	0	0	0	0	0	2	0.0	0.269871
7e40_P_10	0.0	0.0		0	124.88	347.08	10.7	2.7793081358103784	0.18	0.26	47	13	7	0.35	0	32	7	8	0	0	0.25	0.25	0.12	0.38	1	1	0	1	0	0	1	0	0	0	2	1	0	0	0	1	0	0	0	0	0.0	0.32547800000000005
7e40_P_11	0.0	0.0		0	122.68	356.81	8.64	2.9084610368438213	0.29	0.74	39	12	8	0.33	0	28	6	5	0	0	0.0	0.25	0.25	0.5	2	1	0	0	0	0	0	0	0	1	0	1	0	0	0	0	1	0	1	1	0.0	0.262701
7e40_P_12	0.0	0.0		0	115.73	334.4	8.86	2.8894841441285752	0.09	0.13	33	7	7	0.65	0	25	4	3	1	0	0.0	0.43	0.29	0.29	0	0	0	0	0	0	0	0	0	0	0	3	1	0	0	0	1	0	1	1	0.01	0.235471
7e40_P_13	0.0	0.0		0	114.87	264.33	7.49	2.301123008618438	0.36	0.41	33	10	2	0.45	0	24	3	6	0	0	0.29	0.14	0.14	0.43	1	0	0	1	0	1	1	0	0	1	1	1	0	0	0	0	0	0	0	0	0.0	0.210023
7e40_P_14	0.0	0.0		0	113.64	119.98	11.43	1.0557902147131293	0.07	0.1	70	7	0	0.53	0	58	3	8	1	0	0.0	0.07	0.07	0.87	2	1	0	0	0	0	0	0	0	1	4	0	1	2	0	1	0	1	0	2	0.0	0.367063
7e40_P_15	0.0	0.0		0	110.4	212.78	6.62	1.927355072463768	0.2	0.31	28	8	3	0.39	0	21	3	4	0	0	0.22	0.11	0.56	0.11	0	1	0	1	0	0	1	3	0	1	0	0	0	0	0	0	1	0	1	0	0.0	0.137173
7e40_P_16	0.0	0.0		0	108.59	238.58	5.59	2.197071553550052	0.22	0.37	24	12	1	0.38	0	15	3	6	0	0	0.14	0.0	0.29	0.57	1	0	0	0	0	1	1	1	0	0	2	0	0	0	0	0	0	0	0	1	0.0	0.165401
7e40_P_17	0.0	0.0		0	102.01	250.92	7.39	2.459758847171845	0.13	0.31	36	6	5	0.45	0	26	7	3	0	0	0.38	0.25	0.0	0.38	0	2	0	1	0	0	2	0	0	1	1	0	0	1	0	0	0	0	0	0	0.0	0.191286
7f8p_P_0	0.0	0.0		0	573.16	671.44	12.55	1.1714704445530046	0.15	0.24	118	31	14	0.41	0	80	14	22	2	0	0.0	0.07	0.57	0.37	2	0	2	0	1	0	0	3	2	0	1	0	1	1	2	4	4	1	3	3	0.38	0.683031
7f8p_P_1	0.0	0.0		0	416.72	507.55	13.73	1.2179641005951238	0.19	0.69	97	35	16	0.31	0	61	19	16	1	0	0.13	0.13	0.35	0.39	1	3	0	1	0	1	2	3	0	2	1	0	1	0	2	1	0	0	3	2	0.22	0.649483
7f8p_P_2	0.0	0.0		0	291.12	497.13	12.53	1.7076463314097279	0.16	0.19	81	32	8	0.34	0	55	11	15	0	0	0.1	0.0	0.45	0.45	1	0	1	1	0	1	1	0	0	0	1	0	1	1	1	1	4	0	2	4	0.11	0.544996
7f8p_P_3	0.0	0.0		0	191.33	451.39	13.15	2.359222286102545	0.18	0.27	70	14	7	0.58	0	53	8	9	0	0	0.14	0.14	0.21	0.5	0	0	1	0	0	0	2	0	1	1	0	1	0	1	3	0	2	1	0	1	0.09	0.5
7f8p_P_4	0.0	0.0		0	155.73	301.81	9.59	1.9380337764078857	0.4	0.63	35	14	7	0.12	0	22	7	6	0	0	0.1	0.2	0.4	0.3	0	2	1	0	0	1	1	1	0	0	1	0	0	0	1	0	0	0	1	1	0.0	0.295507
7f8p_P_5	0.0	0.0		0	138.8	245.78	10.17	1.7707492795389048	0.2	0.29	45	8	4	0.64	0	35	6	4	0	0	0.09	0.18	0.0	0.73	0	1	0	0	0	0	1	0	1	2	0	0	0	1	2	0	0	3	0	0	0.04	0.348791
7f8p_P_6	0.0	0.0		0	136.68	362.94	10.03	2.6553994732221247	0.09	0.15	55	14	5	0.46	0	39	9	7	0	0	0.0	0.08	0.15	0.77	3	1	0	0	0	0	0	1	0	0	2	0	1	0	1	0	1	1	0	2	0.0	0.342442
7f8p_P_7	0.0	0.0		0	131.72	246.32	12.94	1.870027330701488	0.18	0.25	54	14	2	0.3	0	39	5	10	0	0	0.0	0.07	0.4	0.53	2	1	1	0	0	1	0	0	0	0	3	0	0	0	0	0	4	0	0	3	0.0	0.439665
7f8p_P_8	0.0	0.0		0	122.64	379.1	7.19	3.09116112198304	0.09	0.15	44	16	11	0.25	0	24	11	9	0	0	0.1	0.2	0.6	0.1	0	2	1	1	0	1	0	1	0	0	0	0	0	0	0	2	1	0	0	1	0.0	0.156725
7gqu_P_0	0.0	0.0		0	1516.22	1705.19	21.71	1.1246323092954849	0.22	0.63	272	91	49	0.4	0	177	48	45	2	0	0.12	0.2	0.32	0.36	5	4	1	4	0	2	3	5	4	5	3	4	3	4	0	4	3	0	4	1	0.65	0.7976800000000001
7gqu_P_1	0.0	0.0		0	343.3	404.34	12.22	1.1778036702592485	0.28	0.49	87	28	6	0.36	0	60	9	15	3	0	0.05	0.1	0.35	0.5	3	0	0	0	1	1	1	0	1	2	0	1	3	1	0	0	3	0	2	1	0.17	0.577353
7gqu_P_2	0.0	0.0		0	336.7	570.81	12.87	1.6953073953073952	0.25	0.6	96	22	15	0.43	0	71	11	14	0	0	0.06	0.17	0.44	0.33	0	1	0	1	1	2	0	1	0	0	1	2	0	2	1	1	1	0	2	2	0.19	0.568479
7gqu_P_3	0.0	0.0		0	313.41	459.98	15.46	1.4676621677674608	0.16	0.23	92	25	7	0.46	0	63	16	12	1	0	0.05	0.18	0.36	0.41	4	1	1	0	1	0	1	2	2	1	0	1	1	1	2	1	1	0	2	0	0.18	0.649976
7gqu_P_4	0.0	0.0		0	182.34	397.51	11.11	2.180048261489525	0.08	0.12	53	18	5	0.43	0	36	8	9	0	0	0.08	0.23	0.15	0.54	0	1	0	0	0	1	1	0	1	0	1	1	0	1	2	1	0	2	0	1	0.02	0.411775
7gqu_P_5	0.0	0.0		0	173.31	362.55	12.36	2.0919162194910847	0.17	0.26	52	16	4	0.33	0	37	5	10	0	0	0.09	0.09	0.55	0.27	0	1	0	0	0	2	1	1	0	1	0	0	0	2	0	2	1	0	0	0	0.0	0.416132
7gqu_P_6	0.0	0.0		0	148.42	254.42	8.37	1.7141894623366123	0.59	0.62	34	6	5	0.52	0	23	6	4	1	0	0.1	0.1	0.4	0.4	1	0	1	1	0	0	0	1	0	1	0	1	1	0	1	1	0	0	1	0	0.01	0.261178
7gqu_P_7	0.0	0.0		0	144.26	245.32	8.85	1.7005406904200748	0.33	0.55	39	20	5	0.22	0	26	4	9	0	0	0.0	0.09	0.55	0.36	0	0	0	0	0	3	0	0	1	1	2	0	0	1	0	2	0	0	1	0	0.0	0.269649
7gqu_P_8	0.0	0.0		0	136.13	274.2	11.38	2.014251083523103	0.19	0.25	44	11	6	0.43	0	31	7	5	1	0	0.18	0.36	0.0	0.45	0	1	0	1	0	0	1	0	1	1	2	2	1	1	0	0	0	0	0	0	0.0	0.37056
7gqu_P_9	0.0	0.0		0	127.81	242.8	6.57	1.8996948595571552	0.23	0.29	35	10	5	0.32	0	21	6	8	0	0	0.1	0.2	0.2	0.5	0	1	0	0	0	0	1	1	0	1	1	1	0	0	0	0	1	0	0	3	0.0	0.199447
7gqu_P_10	0.0	0.0		0	123.65	349.51	7.74	2.8266073594824097	0.32	0.34	51	16	6	0.55	0	31	10	9	1	0	0.09	0.36	0.09	0.45	0	3	1	1	0	0	0	0	0	0	1	1	1	0	2	0	0	0	0	1	0.0	0.22756
7gqu_P_11	0.0	0.0		0	113.66	114.27	11.58	1.0053668836881928	0.15	0.26	58	4	2	0.33	0	47	4	6	1	0	0.0	0.0	0.25	0.75	0	0	1	0	1	0	0	1	0	4	5	0	1	0	0	0	0	0	1	2	0.0	0.375892
7p2v_P_0	0.0	0.0		0	581.82	610.5	20.98	1.0492935959575125	0.14	0.28	195	57	22	0.16	0	130	33	29	3	0	0.1	0.14	0.45	0.31	3	1	0	4	3	1	0	7	4	0	2	1	0	3	0	3	0	3	5	2	0.29	0.8244600000000001
7p2v_P_1	0.0	0.0		0	289.09	451.37	15.89	1.5613476771939536	0.12	0.41	93	26	11	0.27	0	63	14	16	0	0	0.14	0.1	0.38	0.38	1	1	3	1	0	1	2	2	1	2	1	0	0	2	0	0	2	2	0	0	0.08	0.6470899999999999
7p2v_P_2	0.0	0.0		0	253.44	485.29	9.72	1.9148121843434345	0.08	0.12	67	34	7	0.28	0	38	11	18	0	0	0.28	0.11	0.28	0.33	0	2	1	4	0	0	1	1	0	1	0	0	0	3	2	0	1	0	2	0	0.05	0.384276
7p2v_P_3	0.0	0.0		0	247.49	397.89	10.51	1.6077013212655056	0.18	0.53	64	16	6	0.52	0	47	8	9	0	0	0.08	0.15	0.23	0.54	1	1	0	0	0	0	1	0	0	1	3	1	1	0	1	1	1	0	1	0	0.14	0.445837
7p2v_P_4	0.0	0.0		0	235.84	423.64	10.27	1.7963025780189958	0.1	0.26	56	20	6	0.35	0	38	8	10	0	0	0.2	0.13	0.2	0.47	1	0	0	1	0	0	2	1	2	2	2	0	0	0	1	1	1	1	0	0	0.05	0.416477
7p2v_P_5	0.0	0.0		0	195.52	354.73	12.93	1.8142900981996728	0.12	0.19	53	12	8	0.5	0	40	7	6	0	0	0.08	0.15	0.31	0.46	0	2	2	0	0	1	1	1	0	2	1	0	0	2	0	0	0	1	0	0	0.07	0.487399
7p2v_P_6	0.0	0.0		0	192.32	419.71	9.1	2.182352329450916	0.19	0.28	55	16	8	0.37	0	38	8	9	0	0	0.0	0.18	0.36	0.45	1	2	1	0	0	2	0	0	0	1	0	0	0	0	1	0	0	0	1	2	0.01	0.33217800000000003
7p2v_P_7	0.0	0.0		0	167.81	347.93	12.48	2.073356772540373	0.11	0.22	52	16	3	0.52	0	38	6	8	0	0	0.0	0.15	0.15	0.69	2	1	0	0	0	0	0	0	1	1	1	0	0	2	0	2	0	0	0	3	0.04	0.461768
7p2v_P_8	0.0	0.0		0	164.22	317.03	8.74	1.9305200341005968	0.28	0.37	46	10	8	0.33	0	33	7	6	0	0	0.22	0.11	0.44	0.22	0	1	1	2	0	0	0	1	0	1	0	0	1	0	0	0	0	0	2	0	0.0	0.25546
7p2v_P_9	0.0	0.0		0	150.91	310.35	9.45	2.056523755880989	0.2	0.36	41	6	9	0.42	0	29	7	5	0	0	0.1	0.1	0.5	0.3	1	1	0	1	0	3	0	1	0	0	1	0	0	0	1	0	0	0	1	0	0.0	0.286208
7p2v_P_10	0.0	0.0		0	149.7	91.64	10.5	0.6121576486305945	0.12	0.18	99	29	2	0.11	0	63	15	21	0	0	0.12	0.08	0.42	0.38	1	0	2	2	0	0	1	3	2	0	0	0	0	3	0	3	1	1	1	4	0.0	0.338485
7p2v_P_11	0.0	0.0		0	140.61	340.89	11.03	2.424365265628333	0.12	0.46	71	20	12	0.22	0	45	15	11	0	0	0.19	0.19	0.25	0.38	1	2	0	2	1	0	1	1	1	1	2	0	0	1	1	0	1	0	1	0	0.0	0.352154
7p2v_P_12	0.0	0.0		0	131.9	261.96	10.14	1.9860500379075048	0.22	0.3	54	12	1	0.58	0	43	5	6	0	0	0.0	0.1	0.1	0.8	1	0	0	0	0	0	0	0	1	2	3	0	0	1	1	1	0	0	0	0	0.01	0.34231300000000003
7p2v_P_13	0.0	0.0		0	125.06	320.24	7.39	2.560690868383176	0.15	0.21	38	12	1	0.69	0	26	6	5	1	0	0.0	0.18	0.27	0.55	2	1	0	0	1	0	0	0	1	0	1	0	0	0	2	2	0	0	0	1	0.04	0.227221
7p2v_P_14	0.0	0.0		0	116.48	190.22	8.01	1.633070054945055	0.58	0.78	33	6	5	0.42	0	24	6	3	0	0	0.1	0.2	0.0	0.7	2	1	0	0	0	0	1	0	1	0	3	0	0	0	0	0	0	1	0	1	0.0	0.251897
7p2v_P_15	0.0	0.0		0	100.03	240.52	10.83	2.404478656403079	0.15	0.18	62	16	3	0.34	0	45	7	10	0	0	0.17	0.08	0.08	0.67	0	0	0	0	0	0	2	0	0	1	1	1	0	0	1	0	1	1	0	4	0.0	0.33534
7qpn_P_0	0.0	0.0		0	1077.18	1472.24	28.38	1.3667539315620416	0.03	0.1	184	60	33	0.4	0	123	28	33	0	0	0.3	0.16	0.21	0.33	0	3	1	5	0	1	8	0	1	3	3	3	0	4	2	5	1	0	1	2	0.64	0.80285
7qpn_P_1	0.0	0.0		0	508.61	398.11	12.79	0.7827411965946403	0.26	0.47	138	30	2	0.33	0	106	11	18	3	0	0.07	0.04	0.33	0.56	0	1	2	2	0	1	0	0	0	2	6	0	3	2	1	1	1	0	4	1	0.3	0.692461
7qpn_P_2	0.0	0.0		0	364.16	509.4	17.73	1.3988356766256589	0.15	0.19	109	32	11	0.37	0	76	15	18	0	0	0.15	0.12	0.31	0.42	1	2	1	4	0	0	0	1	1	2	2	0	1	3	0	3	1	0	2	2	0.19	0.737624
7qpn_P_3	0.0	0.0		0	281.47	531.73	13.58	1.889117845596333	0.14	0.24	72	26	11	0.3	0	46	13	13	0	0	0.12	0.31	0.31	0.25	1	2	1	1	0	2	1	0	2	1	0	1	0	0	1	0	0	0	2	1	0.08	0.542115
7qpn_P_4	0.0	0.0		0	262.21	402.9	16.52	1.5365546699210555	0.09	0.13	71	22	9	0.24	0	49	11	11	0	0	0.0	0.22	0.33	0.44	1	2	1	0	0	1	0	2	1	2	1	1	1	2	0	0	1	0	1	1	0.04	0.657775
7qpn_P_5	0.0	0.0		0	251.9	467.25	14.95	1.854902739182215	0.11	0.36	67	26	9	0.24	0	42	12	13	0	0	0.2	0.13	0.27	0.4	0	2	1	3	0	2	0	0	0	2	2	0	0	0	2	1	0	0	0	0	0.03	0.59717
7qpn_P_6	0.0	0.0		0	209.09	385.5	11.12	1.8437036682768184	0.17	0.23	67	20	4	0.52	0	49	8	10	0	0	0.14	0.21	0.21	0.43	0	0	0	0	0	0	2	1	1	1	1	2	0	1	1	2	0	1	0	1	0.09	0.421851
7qpn_P_7	0.0	0.0		0	146.24	397.52	9.91	2.718271334792122	0.16	0.3	44	14	6	0.47	0	28	9	7	0	0	0.18	0.27	0.18	0.36	1	2	1	1	0	0	1	1	1	0	1	0	0	0	2	0	0	0	0	0	0.0	0.310808
7qpn_P_8	0.0	0.0		0	144.9	364.74	7.1	2.517184265010352	0.61	0.89	33	10	8	0.33	0	21	6	6	0	0	0.18	0.27	0.09	0.45	1	2	0	1	0	0	1	0	1	1	1	0	0	1	0	1	0	0	0	1	0.0	0.22304
7qpn_P_9	0.0	0.0		0	144.45	376.82	5.73	2.6086535133264106	0.38	0.63	44	8	9	0.53	0	31	8	5	0	0	0.1	0.3	0.3	0.3	0	0	2	1	0	0	0	0	1	0	0	2	0	1	0	1	0	0	0	2	0.01	0.161119
7qpn_P_10	0.0	0.0		0	143.36	404.19	8.56	2.8194056919642856	0.09	0.27	45	14	5	0.49	0	34	4	7	0	0	0.11	0.22	0.44	0.22	0	1	1	0	0	2	1	0	0	0	1	1	0	1	0	0	0	0	1	0	0.0	0.234228
7qpn_P_11	0.0	0.0		0	125.5	307.12	11.12	2.447171314741036	0.15	0.17	37	12	9	0.22	0	24	7	6	0	0	0.0	0.18	0.27	0.55	0	1	1	0	0	1	0	0	1	0	2	0	1	1	0	1	0	0	0	2	0.0	0.35935500000000004
7qpn_P_12	0.0	0.0		0	125.12	231.17	9.44	1.847586317135549	0.24	0.4	40	12	4	0.27	0	28	6	6	0	0	0.3	0.1	0.2	0.4	0	1	0	2	0	0	1	0	0	0	1	0	0	0	1	2	0	0	0	2	0.0	0.281051
7qpn_P_13	0.0	0.0		0	124.35	258.32	9.91	2.077362283876156	0.14	0.2	22	4	2	0.7	0	17	3	2	0	0	0.22	0.0	0.11	0.67	1	0	0	1	0	0	1	1	0	0	2	0	0	0	2	0	0	0	0	1	0.04	0.323535
7qpn_P_14	0.0	0.0		0	105.66	154.3	13.22	1.4603445012303615	0.07	0.1	60	10	1	0.31	0	48	6	6	0	0	0.0	0.0	0.31	0.69	0	0	1	0	0	0	0	0	0	2	4	0	1	1	2	2	1	0	1	1	0.0	0.43297
7qpn_P_15	0.0	0.0		0	101.12	233.73	7.97	2.311412183544304	0.28	0.75	38	14	6	0.2	0	26	5	7	0	0	0.27	0.27	0.09	0.36	1	0	0	2	0	1	1	0	0	1	1	3	0	0	0	0	0	0	0	1	0.0	0.207016
7u4k_P_0	0.0	0.0		0	229.5	407.66	12.69	1.7762962962962965	0.09	0.14	66	22	6	0.3	0	45	7	13	1	0	0.2	0.2	0.07	0.53	2	0	0	3	0	0	0	0	0	1	0	3	1	2	0	0	0	0	1	2	0.03	0.513325
7u4k_P_1	0.0	0.0		0	154.56	316.98	8.49	2.0508540372670807	0.4	0.6	42	4	6	0.72	0	32	6	4	0	0	0.0	0.18	0.27	0.55	1	0	0	0	0	0	0	1	1	2	1	1	0	1	1	0	1	0	1	0	0.1	0.289138
7u4k_P_2	0.0	0.0		0	153.6	274.95	12.62	1.7900390625	0.2	0.28	74	16	4	0.56	0	54	9	11	0	0	0.12	0.0	0.41	0.47	2	0	0	0	0	2	2	1	0	1	0	0	1	2	1	2	1	0	1	1	0.03	0.440252
7u4k_P_3	0.0	0.0		0	148.61	405.0	12.3	2.725254020590808	0.16	0.27	60	15	9	0.49	0	40	10	8	2	0	0.13	0.13	0.33	0.4	0	0	2	0	1	0	2	2	0	0	0	2	1	1	2	0	0	1	0	1	0.0	0.413761
7u4k_P_4	0.0	0.0		0	124.67	283.49	7.74	2.273923157134836	0.34	0.69	31	8	10	0.28	0	21	6	4	0	0	0.0	0.33	0.33	0.33	1	1	2	0	0	0	0	1	0	1	0	2	0	0	0	0	0	1	0	0	0.0	0.212039
7u4k_P_5	0.0	0.0		0	108.03	322.26	7.53	2.9830602610386	0.11	0.23	43	10	6	0.48	0	32	6	5	0	0	0.33	0.11	0.11	0.44	1	1	0	2	1	0	1	0	0	0	0	0	0	1	1	0	0	1	0	0	0.0	0.208033
7u4k_P_6	0.0	0.0		0	100.86	218.81	9.36	2.1694427919888954	0.37	0.53	37	9	2	0.62	0	29	3	4	1	0	0.0	0.27	0.18	0.55	1	0	0	0	0	0	0	0	1	1	0	2	1	2	1	2	0	0	0	0	0.0	0.274502
7v39_P_0	0.0	0.0		0	789.31	886.49	27.19	1.1231201935868038	0.1	0.36	186	53	19	0.3	0	122	27	35	2	0	0.25	0.12	0.32	0.3	0	2	0	6	2	2	4	2	2	3	1	1	1	2	3	4	3	1	0	1	0.48	0.8568899999999999
7v39_P_1	0.0	0.0		0	456.96	586.78	18.2	1.2840948879551821	0.08	0.3	103	40	17	0.29	0	69	14	20	0	0	0.08	0.08	0.35	0.5	1	2	0	0	0	2	2	1	0	2	3	0	0	3	3	2	4	0	0	1	0.24	0.780217
7v39_P_2	0.0	0.0		0	364.67	505.05	16.27	1.3849507774151972	0.25	0.26	87	21	9	0.53	0	63	14	8	2	0	0.06	0.17	0.11	0.67	1	1	0	1	1	0	0	0	2	1	3	0	1	3	1	0	0	0	1	2	0.26	0.716009
7v39_P_3	0.0	0.0		0	359.17	685.09	20.57	1.9074254531280448	0.04	0.1	87	27	3	0.58	0	65	8	13	1	0	0.11	0.06	0.17	0.67	2	0	0	2	0	0	0	2	0	0	6	1	2	0	2	1	0	0	0	0	0.27	0.797272
7v39_P_4	0.0	0.0		0	147.9	369.17	7.77	2.496078431372549	0.11	0.23	45	14	6	0.49	0	33	6	6	0	0	0.11	0.0	0.56	0.33	0	0	1	1	0	1	0	0	0	0	2	0	0	0	0	1	1	0	1	1	0.0	0.2298
7v39_P_5	0.0	0.0		0	129.22	201.04	9.53	1.5557963163596966	0.12	0.27	42	10	3	0.43	0	30	6	6	0	0	0.08	0.17	0.17	0.58	1	0	0	1	0	0	0	2	0	1	1	2	0	1	0	0	0	0	0	3	0.0	0.30845
7v39_P_6	0.0	0.0		0	113.47	227.09	10.27	2.0013219353132987	0.24	0.39	50	22	7	0.22	0	35	5	10	0	0	0.08	0.0	0.46	0.46	1	0	1	1	0	0	0	1	0	1	2	0	0	0	1	2	0	0	2	1	0.0	0.310286
7v39_P_7	0.0	0.0		0	104.45	277.44	8.11	2.656199138343705	0.34	0.7	51	8	10	0.22	0	34	10	7	0	0	0.22	0.44	0.0	0.33	0	2	0	1	0	0	1	0	0	1	2	2	0	0	0	0	0	0	0	0	0.0	0.209679
7yg5_P_0	0.0	0.0		0	1339.49	1532.87	36.0	1.1443683790099215	0.07	0.22	223	48	7	0.68	0	186	12	22	3	0	0.0	0.04	0.29	0.67	2	1	4	0	2	0	0	2	1	5	9	0	2	11	0	3	2	2	2	4	0.76	0.808499
7yg5_P_1	0.0	0.0		0	864.73	966.46	26.07	1.1176436575578506	0.09	0.26	177	65	27	0.24	0	115	25	36	1	0	0.16	0.11	0.32	0.41	4	3	4	1	0	1	5	0	0	4	2	1	1	2	0	6	1	1	0	1	0.5	0.8444709999999999
7yg5_P_2	0.0	0.0		0	685.17	905.3	22.76	1.3212779310244174	0.09	0.23	133	32	13	0.61	0	97	16	20	0	0	0.08	0.23	0.23	0.46	0	3	1	1	0	1	1	0	0	2	1	3	1	4	0	1	1	1	2	3	0.54	0.851507
7yg5_P_3	0.0	0.0		0	586.29	597.04	16.33	1.0183356359480804	0.15	0.28	95	20	3	0.59	0	80	5	10	0	0	0.0	0.04	0.29	0.68	2	1	3	0	0	1	0	0	0	3	6	0	0	4	0	1	2	1	1	3	0.46	0.789353
7yg5_P_4	0.0	0.0		0	576.81	721.01	15.99	1.249995665817167	0.46	0.7	133	30	8	0.52	0	100	17	14	2	0	0.0	0.1	0.3	0.6	3	1	1	0	0	0	0	1	1	2	5	1	4	0	1	1	2	0	4	3	0.43	0.778799
7yg5_P_5	0.0	0.0		0	570.74	601.49	21.44	1.053877422293864	0.18	0.21	158	46	10	0.14	0	114	16	26	2	0	0.1	0.1	0.18	0.62	3	3	1	2	0	2	2	1	0	6	6	1	4	0	3	1	2	1	0	1	0.27	0.842475
7yg5_P_6	0.0	0.0		0	562.96	854.65	16.06	1.5181362796646296	0.18	0.56	126	50	21	0.19	0	78	21	25	2	0	0.2	0.3	0.23	0.27	0	4	1	2	1	2	4	1	3	3	2	2	1	0	1	1	1	0	0	1	0.29	0.738568
7yg5_P_7	0.0	0.0		0	527.24	630.56	16.14	1.1959638874137015	0.12	0.32	107	16	1	0.74	0	89	7	11	0	0	0.0	0.0	0.08	0.92	0	0	0	0	0	0	0	1	0	3	8	0	0	7	0	0	1	0	0	4	0.48	0.771331
7yg5_P_8	0.0	0.0		0	441.72	625.02	13.8	1.4149687584895407	0.26	0.42	96	38	6	0.39	0	68	9	18	1	0	0.1	0.05	0.33	0.52	2	1	1	0	1	0	2	1	0	2	2	0	0	3	0	3	0	0	1	2	0.27	0.683416
7yg5_P_9	0.0	0.0		0	429.33	548.65	16.62	1.2779214124333262	0.18	0.55	108	32	7	0.37	0	75	13	20	0	0	0.13	0.17	0.22	0.48	1	2	2	0	0	0	3	0	0	3	4	2	1	1	0	0	1	0	2	1	0.25	0.7400220000000001
7yg5_P_10	0.0	0.0		0	366.88	491.54	9.46	1.3397841255996512	0.15	0.22	61	10	2	0.82	0	50	5	6	0	0	0.0	0.0	0.36	0.64	0	0	1	0	0	0	0	1	0	1	3	0	0	3	1	0	1	1	2	0	0.37	0.5194489999999999
7yg5_P_11	0.0	0.0		0	354.25	525.48	13.83	1.4833592095977417	0.11	0.27	78	24	8	0.47	0	57	9	12	0	0	0.06	0.18	0.41	0.35	0	1	0	0	0	1	1	2	1	2	2	1	0	0	1	0	2	0	2	1	0.22	0.614466
7yg5_P_12	0.0	0.0		0	340.89	615.36	12.92	1.8051570887969728	0.06	0.15	63	24	11	0.44	0	44	5	14	0	0	0.0	0.18	0.47	0.35	0	1	1	0	1	1	0	0	0	1	1	2	0	1	0	2	1	0	2	3	0.2	0.576709
7yg5_P_13	0.0	0.0		0	335.3	520.05	12.77	1.5509991052788543	0.08	0.09	64	11	0	0.81	0	55	3	5	1	0	0.0	0.0	0.07	0.93	1	0	0	0	0	0	0	1	0	3	4	0	1	3	0	0	0	0	0	1	0.34	0.605527
7yg5_P_14	0.0	0.0		0	314.4	413.5	11.27	1.315203562340967	0.2	0.28	64	9	0	0.8	0	57	2	4	1	0	0.0	0.0	0.0	1.0	0	0	0	0	0	0	0	0	0	2	5	0	1	4	0	0	0	0	0	2	0.32	0.5424640000000001
7yg5_P_15	0.0	0.0		0	304.44	521.93	10.22	1.7143936407830769	0.25	0.3	68	19	9	0.45	0	47	10	11	0	0	0.12	0.18	0.35	0.35	0	1	3	1	0	0	1	0	2	0	0	0	0	1	4	0	2	1	1	0	0.17	0.450063
7yg5_P_16	0.0	0.0		0	289.62	460.63	17.15	1.5904633657896554	0.09	0.23	97	26	9	0.22	0	66	15	16	0	0	0.04	0.21	0.21	0.54	3	4	1	1	0	0	0	1	0	1	2	1	0	3	0	0	2	0	1	4	0.06	0.698783
7yg5_P_17	0.0	0.0		0	287.19	393.08	15.46	1.3687106097008948	0.13	0.36	67	18	12	0.14	0	47	9	10	1	0	0.18	0.18	0.24	0.41	0	1	1	1	1	1	2	0	0	2	0	2	1	3	0	0	0	0	1	1	0.03	0.636459
7yg5_P_18	0.0	0.0		0	281.84	334.38	11.87	1.1864178257167188	0.35	0.44	59	24	5	0.28	0	42	5	10	2	0	0.07	0.0	0.4	0.53	2	0	1	1	0	2	0	0	0	0	1	0	2	0	1	2	1	1	0	1	0.08	0.5247149999999999
7yg5_P_19	0.0	0.0		0	280.14	385.01	13.37	1.3743485400157065	0.18	0.37	70	28	5	0.13	0	49	7	14	0	0	0.18	0.12	0.29	0.41	1	0	1	1	0	0	2	1	0	2	1	2	0	2	0	1	1	0	1	1	0.02	0.561905
7yg5_P_20	0.0	0.0		0	276.74	304.57	12.65	1.1005637060056368	0.18	0.38	57	22	3	0.4	0	39	6	12	0	0	0.0	0.0	0.41	0.59	0	0	2	0	0	0	0	2	0	0	3	0	0	3	1	1	2	1	0	2	0.12	0.553833
7yg5_P_21	0.0	0.0		0	261.92	417.08	9.77	1.5923946243127671	0.2	0.35	52	26	10	0.14	0	30	8	13	1	0	0.25	0.0	0.5	0.25	1	0	2	1	1	1	3	2	0	0	0	0	0	0	2	1	1	0	0	1	0.0	0.373767
7yg5_P_22	0.0	0.0		0	261.19	401.64	12.65	1.5377311535663694	0.2	0.3	68	18	7	0.31	0	47	10	11	0	0	0.12	0.25	0.19	0.44	0	3	1	1	0	1	1	0	0	2	2	1	0	0	1	0	1	0	0	2	0.07	0.525363
7yg5_P_23	0.0	0.0		0	249.04	341.2	14.88	1.3700610343719883	0.14	0.48	90	24	6	0.25	0	62	13	15	0	0	0.11	0.16	0.21	0.53	1	3	0	1	1	0	1	1	0	2	1	0	0	2	1	1	1	0	0	3	0.03	0.605248
7yg5_P_24	0.0	0.0		0	245.89	272.97	12.45	1.1101305461791862	0.14	0.4	55	25	3	0.28	0	40	4	10	1	0	0.0	0.0	0.44	0.56	0	0	1	0	0	0	0	2	0	2	3	0	1	1	0	1	2	1	1	1	0.04	0.5203409999999999
7yg5_P_25	0.0	0.0		0	240.54	304.38	14.01	1.2654028436018958	0.13	0.45	67	8	2	0.64	0	57	5	4	1	0	0.0	0.11	0.11	0.78	1	1	1	0	1	0	0	0	0	3	4	1	0	4	1	0	0	0	0	1	0.18	0.577231
7yg5_P_26	0.0	0.0		0	229.36	323.51	12.37	1.4104900592954306	0.11	0.14	71	20	11	0.21	0	50	11	9	1	0	0.21	0.21	0.21	0.36	0	1	0	1	0	2	2	0	1	0	3	1	1	0	0	1	0	0	0	1	0.0	0.477245
7yg5_P_27	0.0	0.0		0	229.12	377.57	11.99	1.64791375698324	0.13	0.19	46	9	2	0.78	0	38	2	5	1	0	0.1	0.0	0.1	0.8	0	0	0	0	0	0	1	0	0	2	1	0	1	3	0	0	1	0	0	1	0.22	0.5
7yg5_P_28	0.0	0.0		0	210.17	326.52	10.23	1.5535994670980635	0.37	0.46	46	6	1	0.72	0	40	3	3	0	0	0.0	0.0	0.18	0.82	0	0	0	0	0	0	0	1	0	1	4	0	1	1	0	0	0	0	1	2	0.17	0.419475
7yg5_P_29	0.0	0.0		0	197.53	315.87	14.62	1.5990988710575609	0.1	0.12	56	30	6	0.25	0	37	4	14	1	0	0.08	0.0	0.58	0.33	0	0	1	0	1	2	1	0	0	1	1	0	0	1	0	1	2	0	0	1	0.0	0.538764
7yg5_P_30	0.0	0.0		0	182.71	521.51	9.3	2.8543046357615887	0.25	0.74	46	16	5	0.66	0	33	6	7	0	0	0.0	0.09	0.27	0.64	0	0	1	0	0	0	0	1	1	2	1	0	0	2	0	0	0	0	1	2	0.12	0.352054
7yg5_P_31	0.0	0.0		0	178.1	258.08	9.19	1.4490735541830433	0.48	0.53	27	2	0	0.88	0	25	1	1	0	0	0.0	0.0	0.0	1.0	1	0	0	0	0	0	0	0	0	3	3	0	1	2	0	0	0	0	0	0	0.19	0.348007
7yg5_P_32	0.0	0.0		0	168.62	269.4	10.29	1.597675246115526	0.3	0.79	47	12	7	0.3	0	34	6	7	0	0	0.23	0.15	0.31	0.31	0	0	0	0	0	2	3	1	2	0	1	0	0	2	0	0	1	0	0	1	0.0	0.334465
7yg5_P_33	0.0	0.0		0	165.95	250.43	8.35	1.509068996685749	0.42	0.57	38	13	4	0.37	0	26	5	7	0	0	0.2	0.0	0.3	0.5	1	0	1	1	0	2	1	0	0	0	1	0	1	1	0	0	0	0	0	1	0.0	0.28828200000000004
7yg5_P_34	0.0	0.0		0	157.44	243.3	6.75	1.5453506097560976	0.36	0.47	30	3	2	0.78	0	23	1	5	1	0	0.0	0.0	0.22	0.78	1	0	0	0	0	0	0	0	0	2	1	0	1	1	1	1	1	0	0	0	0.13	0.249802
7yg5_P_35	0.0	0.0		0	153.56	357.23	8.58	2.3263219588434487	0.49	0.54	32	4	7	0.66	0	24	6	2	0	0	0.0	0.11	0.22	0.67	2	0	0	0	0	1	0	0	0	0	1	1	0	0	1	0	0	0	1	2	0.07	0.301739
7yg5_P_36	0.0	0.0		0	141.89	211.67	5.68	1.4917894143350483	0.25	0.36	40	14	4	0.1	0	24	7	9	0	0	0.0	0.0	0.33	0.67	1	0	1	0	0	1	0	1	0	1	0	0	1	2	1	0	0	1	1	1	0.0	0.198743
7yg5_P_37	0.0	0.0		0	134.85	339.3	8.35	2.5161290322580645	0.24	0.45	32	8	7	0.48	0	21	7	4	0	0	0.09	0.27	0.45	0.18	1	1	1	1	0	0	0	2	0	0	1	2	0	0	0	1	1	0	0	0	0.0	0.21368
7yg5_P_38	0.0	0.0		0	131.69	360.64	8.87	2.7385526615536486	0.32	0.46	40	12	3	0.68	0	29	7	4	0	0	0.0	0.1	0.2	0.7	2	0	0	0	0	0	0	1	1	0	3	0	0	1	0	0	1	0	0	1	0.05	0.294314
7yg5_P_39	0.0	0.0		0	128.53	247.28	8.04	1.923908815062632	0.42	0.76	27	2	0	0.9	0	26	0	1	0	0	0.0	0.0	0.0	1.0	0	0	0	0	0	0	0	0	0	2	2	0	1	2	0	0	0	0	0	1	0.13	0.264415
7yg5_P_40	0.0	0.0		0	126.34	170.01	11.81	1.3456545828716162	0.14	0.2	51	11	2	0.13	0	42	2	4	3	0	0.08	0.0	0.08	0.85	0	0	0	0	0	0	1	0	0	1	3	0	3	1	0	0	1	1	0	2	0.0	0.395488
7yg5_P_41	0.0	0.0		0	126.34	298.46	10.44	2.362355548519867	0.27	0.34	44	9	5	0.42	0	34	4	5	1	0	0.0	0.15	0.15	0.69	2	0	0	0	0	0	0	0	1	1	4	1	1	1	0	1	1	0	0	0	0.0	0.346102
7yg5_P_42	0.0	0.0		0	122.46	170.25	10.14	1.3902498775110241	0.22	0.3	47	14	3	0.11	0	35	4	7	1	0	0.0	0.0	0.25	0.75	1	0	1	0	1	1	0	0	0	1	3	0	0	1	0	0	0	0	0	3	0.0	0.332865
7yg5_P_43	0.0	0.0		0	120.27	179.0	7.54	1.488317951276295	0.5	0.73	37	11	3	0.36	0	26	5	5	1	0	0.0	0.1	0.2	0.7	1	0	0	0	0	0	0	0	1	0	1	0	1	0	2	1	1	0	0	2	0.0	0.239885
7yg5_P_44	0.0	0.0		0	120.03	271.78	7.99	2.264267266516704	0.43	0.65	46	8	9	0.23	0	32	7	7	0	0	0.1	0.3	0.3	0.3	0	0	0	1	0	0	0	1	1	2	1	2	0	0	0	2	0	0	0	0	0.0	0.211952
7yg5_P_45	0.0	0.0		0	117.35	199.06	8.23	1.6962931401789518	0.33	0.66	36	22	2	0.04	0	20	4	12	0	0	0.5	0.0	0.3	0.2	1	0	0	1	0	0	4	2	0	0	0	0	1	0	0	0	1	0	0	0	0.0	0.201479
7yg5_P_46	0.0	0.0		0	112.25	214.71	8.14	1.9127839643652558	0.2	0.21	39	17	3	0.29	0	26	5	7	1	0	0.08	0.0	0.33	0.58	1	0	0	0	0	1	1	0	0	0	2	0	2	1	1	1	2	0	0	0	0.0	0.244859
7yg5_P_47	0.0	0.0		0	111.28	248.16	7.36	2.230050323508268	0.48	0.51	27	12	1	0.43	0	21	1	5	0	0	0.29	0.29	0.14	0.29	0	0	0	1	0	0	1	0	1	1	1	1	0	0	0	1	0	0	0	0	0.0	0.184246
7yg5_P_48	0.0	0.0		0	101.8	219.0	6.66	2.151277013752456	0.6	0.71	24	8	0	0.65	0	19	1	4	0	0	0.0	0.0	0.25	0.75	0	0	0	0	0	1	0	1	0	1	4	0	0	1	0	0	0	0	0	0	0.0	0.200842
7yg5_P_49	0.0	0.0		0	100.1	123.38	8.09	1.2325674325674325	0.59	0.73	47	12	3	0.12	0	32	8	7	0	0	0.18	0.27	0.09	0.45	1	3	0	1	0	0	1	0	0	0	2	0	0	2	0	1	0	0	0	0	0.0	0.221167
7zpe_P_0	0.0	0.0		0	448.64	450.32	18.53	1.0037446504992869	0.1	0.2	112	31	8	0.29	0	87	11	13	1	0	0.0	0.17	0.22	0.61	2	3	0	0	0	0	0	0	1	2	6	0	1	0	1	1	1	0	3	2	0.24	0.787855
7zpe_P_1	0.0	0.0		0	416.51	434.31	15.67	1.0427360687618543	0.1	0.46	97	26	8	0.4	0	69	13	15	0	0	0.13	0.09	0.3	0.48	2	1	1	3	0	0	0	5	1	2	3	0	0	1	1	0	1	0	0	2	0.25	0.713813
7zpe_P_2	0.0	0.0		0	387.71	544.15	19.73	1.403497459441335	0.06	0.07	96	34	16	0.38	0	65	15	16	0	0	0.12	0.35	0.29	0.24	1	4	0	1	0	0	1	0	1	1	0	1	1	0	1	1	1	0	3	0	0.22	0.770429
7zpe_P_3	0.0	0.0		0	324.93	302.45	14.07	0.9308158680331148	0.27	0.84	95	20	6	0.19	0	72	11	10	2	0	0.05	0.14	0.14	0.67	0	2	0	1	0	0	0	2	1	3	5	0	3	1	2	0	1	0	0	0	0.08	0.635704
7zpe_P_4	0.0	0.0		0	227.78	451.35	10.55	1.98151725349021	0.05	0.09	71	18	10	0.43	0	51	11	9	0	0	0.21	0.14	0.07	0.57	1	1	0	2	0	0	1	1	0	2	1	1	1	1	1	0	0	0	0	1	0.08	0.434129
7zpe_P_5	0.0	0.0		0	221.18	296.34	14.96	1.3398137263767067	0.1	0.14	82	18	7	0.38	0	63	11	8	0	0	0.06	0.24	0.24	0.47	1	0	0	0	0	0	1	1	3	0	5	1	1	0	0	1	0	0	2	1	0.05	0.584414
7zpe_P_6	0.0	0.0		0	193.09	309.77	9.1	1.6042777979180691	0.18	0.43	50	13	7	0.44	0	34	8	7	1	0	0.15	0.31	0.15	0.38	0	2	0	2	1	0	0	0	0	1	1	2	0	1	2	1	0	0	0	0	0.04	0.321698
7zpe_P_7	0.0	0.0		0	156.99	254.08	8.7	1.6184470348429836	0.52	0.72	51	11	3	0.52	0	36	5	8	2	0	0.0	0.3	0.2	0.5	1	1	0	0	1	0	0	0	0	0	2	2	2	0	0	0	0	0	1	0	0.02	0.293433
7zpe_P_8	0.0	0.0		0	145.02	284.7	6.85	1.963177492759619	0.23	0.47	38	8	4	0.56	0	29	5	4	0	0	0.0	0.22	0.33	0.44	0	1	0	0	1	0	0	1	0	0	2	1	0	1	1	0	0	0	1	0	0.02	0.213854
7zpe_P_9	0.0	0.0		0	130.43	261.97	9.43	2.0085103120447747	0.24	0.4	44	14	2	0.59	0	29	7	7	1	0	0.0	0.2	0.3	0.5	0	1	0	0	2	0	0	1	1	1	1	0	0	2	1	0	0	0	0	0	0.01	0.297713
8cgw_P_0	0.0	0.0		0	1492.53	1543.84	35.14	1.0343778684515554	0.08	0.34	348	91	27	0.35	0	245	42	58	3	0	0.08	0.12	0.36	0.43	3	2	6	2	1	4	4	2	1	3	9	6	3	5	1	6	2	2	5	5	0.63	0.8069569999999999
8cgw_P_1	0.0	0.0		0	616.82	891.01	14.92	1.4445219026620406	0.16	0.34	151	50	17	0.32	0	101	23	27	0	0	0.12	0.19	0.38	0.31	1	1	2	1	1	0	3	1	2	0	4	3	0	2	1	3	3	0	2	2	0.38	0.735744
8cgw_P_2	0.0	0.0		0	527.34	854.1	16.51	1.6196381840937537	0.2	0.52	107	49	11	0.39	0	72	11	23	1	0	0.28	0.08	0.36	0.28	2	0	0	3	0	1	4	1	0	0	2	2	1	1	0	3	3	0	1	1	0.34	0.742005
8cgw_P_3	0.0	0.0		0	300.77	567.11	16.56	1.8855271469893944	0.06	0.12	107	30	12	0.38	0	76	15	16	0	0	0.1	0.15	0.35	0.4	0	1	2	1	0	2	1	1	0	0	3	2	1	3	0	2	0	1	0	0	0.14	0.678049
8cgw_P_4	0.0	0.0		0	250.11	261.28	9.04	1.0446603494462434	0.46	0.71	48	12	10	0.24	0	33	9	6	0	0	0.08	0.33	0.25	0.33	0	1	1	0	0	0	1	0	0	0	1	3	0	3	0	0	0	0	2	0	0.03	0.35302
8cgw_P_5	0.0	0.0		0	232.42	339.29	12.77	1.4598141295929783	0.18	0.24	58	18	8	0.24	0	41	9	8	0	0	0.11	0.21	0.32	0.37	1	2	0	1	0	1	1	1	2	2	2	0	0	0	0	2	1	2	1	0	0.01	0.5
8cgw_P_6	0.0	0.0		0	227.64	277.96	13.78	1.2210507819363907	0.14	0.28	61	22	1	0.28	0	44	5	12	0	0	0.14	0.07	0.29	0.5	1	0	0	1	0	0	1	0	1	0	2	0	0	2	0	0	3	0	1	2	0.02	0.549413
8cgw_P_7	0.0	0.0		0	219.66	154.48	14.98	0.7032686879723208	0.12	0.19	103	32	12	0.04	0	68	17	18	0	0	0.25	0.08	0.25	0.42	2	1	1	2	0	0	4	1	0	0	2	1	1	1	2	1	2	2	1	0	0.0	0.578746
8cgw_P_8	0.0	0.0		0	218.46	296.03	10.45	1.3550764442003111	0.14	0.28	58	22	4	0.21	0	39	5	14	0	0	0.36	0.07	0.29	0.29	2	0	0	2	0	0	3	0	0	0	1	1	0	1	0	2	2	0	0	0	0.0	0.374806
8cgw_P_9	0.0	0.0		0	215.94	276.03	11.53	1.2782717421505974	0.22	0.39	64	16	7	0.34	0	44	8	11	1	0	0.0	0.0	0.64	0.36	0	0	2	0	0	1	0	1	0	1	1	0	1	0	1	2	1	0	2	1	0.03	0.432259
8cgw_P_10	0.0	0.0		0	196.92	347.51	7.96	1.7647267926061343	0.33	0.43	48	12	9	0.46	0	32	9	6	1	0	0.0	0.0	0.57	0.43	1	0	1	0	1	4	0	1	0	1	2	0	0	1	0	0	1	1	0	0	0.05	0.28970100000000004
8cgw_P_11	0.0	0.0		0	193.33	329.86	10.78	1.7062018310660527	0.23	0.62	62	18	6	0.33	0	44	9	9	0	0	0.09	0.18	0.27	0.45	0	1	1	1	0	0	0	0	1	1	2	0	0	0	1	0	1	0	1	1	0.0	0.397892
8cgw_P_12	0.0	0.0		0	186.95	278.48	12.23	1.489596148702862	0.13	0.2	50	26	3	0.38	0	32	4	14	0	0	0.38	0.15	0.23	0.23	1	0	0	0	0	0	5	0	2	0	0	0	0	2	0	1	1	0	1	0	0.01	0.4129
8cgw_P_13	0.0	0.0		0	176.44	275.22	11.74	1.5598503740648382	0.11	0.14	36	19	8	0.29	0	20	6	9	1	0	0.17	0.08	0.42	0.33	0	1	1	0	0	3	2	0	0	1	2	0	1	0	0	0	1	0	0	0	0.0	0.403637
8cgw_P_14	0.0	0.0		0	171.52	262.65	9.29	1.5313083022388057	0.35	0.56	44	16	5	0.22	0	27	6	11	0	0	0.18	0.18	0.36	0.27	1	1	0	1	0	0	1	0	0	0	0	1	1	0	1	2	2	0	0	0	0.0	0.291162
8cgw_P_15	0.0	0.0		0	166.21	318.8	11.01	1.9180554719932608	0.2	0.27	47	16	11	0.25	0	31	6	10	0	0	0.15	0.15	0.38	0.31	0	0	1	2	0	1	0	0	0	0	1	2	1	0	0	2	1	2	0	0	0.0	0.357935
8cgw_P_16	0.0	0.0		0	154.24	225.37	10.01	1.461164419087137	0.23	0.31	51	12	6	0.36	0	36	7	8	0	0	0.08	0.17	0.25	0.5	0	0	0	1	0	0	0	0	0	0	3	2	1	1	1	2	0	0	1	0	0.0	0.340457
8cgw_P_17	0.0	0.0		0	147.72	310.35	15.51	2.1009341998375306	0.05	0.13	80	24	3	0.45	0	57	13	10	0	0	0.12	0.29	0.29	0.29	1	1	0	1	0	0	1	2	2	0	2	2	0	1	0	1	1	1	1	0	0.0	0.5317270000000001
8cgw_P_18	0.0	0.0		0	146.93	291.16	8.13	1.981623902538624	0.48	0.87	41	14	5	0.34	0	28	4	9	0	0	0.1	0.0	0.5	0.4	0	0	2	0	0	2	1	0	0	0	1	0	0	0	0	0	1	0	0	3	0.0	0.251724
8cgw_P_19	0.0	0.0		0	142.14	235.16	13.42	1.6544252145771776	0.12	0.15	59	14	5	0.39	0	46	6	7	0	0	0.0	0.0	0.14	0.86	1	0	1	0	0	0	0	0	0	2	1	0	0	2	3	0	1	1	0	2	0.0	0.469509
8cgw_P_20	0.0	0.0		0	138.68	206.19	8.31	1.4868041534467844	0.35	0.63	39	16	5	0.22	0	26	5	8	0	0	0.0	0.08	0.54	0.38	2	0	1	0	0	0	0	2	1	1	0	0	0	2	0	2	1	0	1	0	0.0	0.249122
8cgw_P_21	0.0	0.0		0	136.95	317.78	8.21	2.320408908360716	0.61	0.97	40	10	8	0.45	0	28	6	6	0	0	0.11	0.22	0.44	0.22	0	1	0	0	0	1	1	0	0	0	1	1	0	0	0	1	1	1	1	0	0.0	0.218066
8cgw_P_22	0.0	0.0		0	124.59	127.05	12.09	1.0197447628220564	0.14	0.27	77	12	5	0.19	0	59	8	8	2	0	0.07	0.0	0.27	0.67	0	0	1	0	0	0	1	0	0	2	1	0	2	2	0	3	0	1	0	2	0.0	0.405814
8cgw_P_23	0.0	0.0		0	110.36	225.06	7.6	2.039325842696629	0.14	0.29	36	20	6	0.19	0	22	6	8	0	0	0.11	0.22	0.44	0.22	0	1	0	0	0	0	1	1	1	1	1	0	0	0	0	2	0	0	1	0	0.0	0.181378
8cgw_P_24	0.0	0.0		0	107.57	284.33	6.71	2.643209073161662	0.47	0.57	35	8	5	0.63	0	24	6	5	0	0	0.0	0.29	0.43	0.29	0	1	0	0	0	1	0	0	0	0	2	1	0	0	0	0	1	0	1	0	0.0	0.163563
8cgw_P_25	0.0	0.0		0	106.9	187.75	7.92	1.7563143124415341	0.31	0.49	26	12	4	0.06	0	18	2	6	0	0	0.33	0.11	0.22	0.33	0	0	0	1	0	0	2	0	0	0	0	1	0	1	1	0	1	0	1	1	0.0	0.205498
8cgw_P_26	0.0	0.0		0	106.37	138.43	6.94	1.3014007708940492	0.51	0.55	25	8	3	0.27	0	17	2	6	0	0	0.14	0.29	0.14	0.43	0	0	0	0	0	0	1	0	0	1	1	2	0	1	0	0	0	0	1	0	0.0	0.187372
8cgw_P_27	0.0	0.0		0	100.52	309.33	6.23	3.0772980501392766	0.75	0.88	29	8	0	0.78	0	23	3	3	0	0	0.0	0.17	0.17	0.67	1	0	0	0	0	1	0	0	1	1	1	0	0	0	0	0	0	1	0	0	0.04	0.183675
8crc_P_0	0.0	0.0		0	845.31	1285.17	17.89	1.5203534797884801	0.29	0.52	220	66	18	0.44	0	152	30	37	1	0	0.14	0.07	0.36	0.43	1	3	2	3	1	2	3	2	0	3	8	0	0	1	2	3	1	1	4	2	0.57	0.807743
8crc_P_1	0.0	0.0		0	362.5	640.03	13.45	1.7655999999999998	0.08	0.35	93	27	15	0.35	0	63	17	12	1	0	0.14	0.29	0.24	0.33	0	4	0	2	0	0	1	1	1	1	3	1	1	1	0	2	1	1	1	0	0.19	0.603467
8crc_P_2	0.0	0.0		0	313.22	362.43	14.72	1.157110018517336	0.14	0.7	97	24	6	0.35	0	69	12	15	1	0	0.0	0.0	0.29	0.71	1	0	1	0	2	1	0	0	0	3	5	0	1	1	2	1	2	1	0	3	0.14	0.647416
8crc_P_3	0.0	0.0		0	248.77	346.65	11.14	1.3934558025485386	0.17	0.35	56	18	8	0.24	0	38	10	8	0	0	0.13	0.13	0.53	0.2	0	1	2	1	0	1	1	1	0	0	1	1	1	0	0	2	1	0	1	1	0.02	0.408537
8crc_P_4	0.0	0.0		0	223.81	460.55	9.86	2.0577722175059203	0.14	0.18	44	8	2	0.8	0	37	3	4	0	0	0.0	0.25	0.08	0.67	0	1	0	0	0	0	0	0	1	4	0	1	0	2	1	0	1	1	0	0	0.22	0.412533
8crc_P_5	0.0	0.0		0	154.94	386.29	8.8	2.4931586420549894	0.44	0.76	42	12	4	0.72	0	36	2	4	0	0	0.0	0.12	0.5	0.38	0	0	0	0	0	0	0	0	0	0	1	1	0	1	0	0	0	0	4	1	0.1	0.277964
8crc_P_6	0.0	0.0		0	145.22	325.84	13.34	2.2437680760225858	0.1	0.23	58	12	5	0.32	0	47	4	7	0	0	0.0	0.12	0.25	0.62	0	1	0	0	0	0	0	1	0	1	6	1	1	0	1	1	1	0	1	1	0.0	0.472688
8crc_P_7	0.0	0.0		0	133.57	208.28	8.59	1.5593321853709663	0.27	0.37	39	18	6	0.35	0	26	6	7	0	0	0.0	0.1	0.5	0.4	0	1	1	0	0	0	0	1	0	0	2	0	0	1	0	2	1	1	0	0	0.0	0.257102
8crc_P_8	0.0	0.0		0	128.51	356.58	9.54	2.7747257022799783	0.2	0.41	41	16	6	0.49	0	29	5	7	0	0	0.12	0.12	0.5	0.25	0	1	0	1	0	1	0	0	0	0	0	0	0	2	0	2	0	0	1	0	0.0	0.263331
8crc_P_9	0.0	0.0		0	113.28	249.82	6.41	2.2053319209039546	0.75	0.91	35	8	4	0.6	0	23	7	5	0	0	0.0	0.29	0.29	0.43	0	0	1	0	0	0	0	0	1	0	0	1	0	2	0	0	1	1	0	0	0.0	0.176826
8crc_P_10	0.0	0.0		0	110.08	341.22	5.95	3.099745639534884	0.27	0.73	42	8	8	0.57	0	30	7	5	0	0	0.12	0.38	0.25	0.25	0	0	1	1	0	0	0	0	0	0	1	3	0	1	0	0	0	0	1	0	0.0	0.140269
8crc_P_11	0.0	0.0		0	106.62	328.29	10.76	3.079065841305572	0.18	0.28	60	12	8	0.33	0	38	12	9	1	0	0.08	0.25	0.25	0.42	1	1	1	0	1	0	1	0	0	0	2	2	0	0	1	1	0	0	0	1	0.0	0.317808
8f4s_P_0	0.0	0.0		0	637.63	800.91	14.07	1.2560732713329046	0.19	0.42	134	31	12	0.52	0	98	16	18	2	0	0.07	0.07	0.34	0.52	0	0	0	2	1	1	0	3	1	6	2	1	1	3	0	3	1	1	1	2	0.47	0.755486
8f4s_P_1	0.0	0.0		0	511.3	825.14	20.45	1.6138079405437118	0.07	0.18	120	40	19	0.34	0	78	22	20	0	0	0.07	0.22	0.3	0.41	2	2	3	0	0	2	2	1	0	3	5	4	1	0	0	1	0	0	1	0	0.3	0.818982
8f4s_P_2	0.0	0.0		0	331.58	502.17	13.82	1.5144761445201762	0.15	0.55	86	37	9	0.22	0	55	14	16	1	0	0.18	0.05	0.45	0.32	2	0	2	4	0	0	0	4	1	0	1	0	1	1	1	1	1	0	2	1	0.1	0.595417
8f4s_P_3	0.0	0.0		0	299.84	431.78	12.42	1.4400346851654215	0.17	0.31	63	18	12	0.52	0	45	9	8	1	0	0.21	0.14	0.57	0.07	0	0	0	1	1	0	2	0	1	0	1	1	0	0	0	3	2	0	2	0	0.19	0.46217
8f4s_P_4	0.0	0.0		0	296.51	550.57	15.45	1.856834508111025	0.09	0.11	78	20	13	0.45	0	53	13	11	1	0	0.12	0.19	0.25	0.44	1	2	2	1	0	2	1	0	0	1	0	1	2	0	0	0	0	2	0	1	0.16	0.643727
8f4s_P_5	0.0	0.0		0	260.42	606.2	11.57	2.3277782044389834	0.16	0.18	71	20	13	0.49	0	47	13	11	0	0	0.23	0.38	0.23	0.15	0	0	2	0	0	0	3	0	1	0	1	4	0	0	0	0	1	0	0	1	0.14	0.422971
8f4s_P_6	0.0	0.0		0	204.16	301.39	8.33	1.4762441222570533	0.13	0.19	84	16	7	0.43	0	63	11	10	0	0	0.18	0.12	0.35	0.35	0	0	0	2	0	0	1	1	0	3	0	2	1	2	0	2	2	0	1	0	0.05	0.296445
8f4s_P_7	0.0	0.0		0	158.72	234.49	8.29	1.477381552419355	0.43	0.74	31	7	3	0.55	0	24	2	4	1	0	0.0	0.0	0.22	0.78	1	0	0	0	0	1	0	0	0	1	1	0	1	0	1	0	1	0	0	2	0.04	0.301889
8f4s_P_8	0.0	0.0		0	154.56	382.41	8.21	2.474184782608696	0.52	0.86	49	17	6	0.48	0	32	6	10	1	0	0.11	0.11	0.44	0.33	0	0	1	1	0	1	0	0	0	0	0	1	1	1	1	2	0	0	0	0	0.0	0.249785
8f4s_P_9	0.0	0.0		0	142.91	317.91	7.82	2.224546917640473	0.2	0.39	49	10	3	0.61	0	38	5	6	0	0	0.17	0.08	0.25	0.5	1	0	1	1	0	0	1	0	1	0	2	0	1	0	0	1	0	1	1	1	0.04	0.250752
8f4s_P_10	0.0	0.0		0	141.63	381.54	7.92	2.69392077949587	0.2	0.54	54	16	5	0.55	0	38	7	8	1	0	0.0	0.08	0.5	0.42	0	1	1	0	0	0	0	2	0	0	1	0	1	0	2	0	2	0	1	1	0.02	0.242607
8f4s_P_11	0.0	0.0		0	141.12	268.99	11.99	1.906108276643991	0.17	0.38	66	16	8	0.33	0	45	12	9	0	0	0.06	0.06	0.5	0.38	1	1	3	1	0	1	0	0	0	1	2	0	0	0	1	2	1	0	1	1	0.0	0.390521
8f4s_P_12	0.0	0.0		0	126.14	314.09	7.77	2.490011098779134	0.11	0.13	34	8	9	0.39	0	23	7	4	0	0	0.0	0.2	0.4	0.4	0	2	3	0	0	0	0	0	0	0	1	0	0	0	1	0	0	0	1	2	0.0	0.223511
8f4s_P_13	0.0	0.0		0	124.61	64.43	10.37	0.5170532060027285	0.12	0.2	71	10	1	0.0	0	53	8	9	1	0	0.04	0.0	0.26	0.7	2	0	1	1	1	0	0	3	0	4	5	0	1	0	1	1	0	1	0	2	0.0	0.341918
8f4s_P_14	0.0	0.0		0	105.73	236.83	6.72	2.2399508181216308	0.54	0.83	38	10	3	0.43	0	28	4	6	0	0	0.0	0.22	0.22	0.56	0	1	1	0	0	0	0	0	0	0	4	1	0	0	0	0	1	0	0	1	0.0	0.19315
8fpi_P_0	0.0	0.0		0	1342.23	1587.55	24.97	1.182770464078437	0.21	0.65	253	93	36	0.37	0	172	36	42	3	0	0.09	0.14	0.36	0.41	0	3	1	3	2	3	2	2	3	5	4	2	2	3	5	3	7	0	2	4	0.63	0.809179
8fpi_P_1	0.0	0.0		0	827.63	1114.99	20.19	1.3472082935611325	0.08	0.2	179	59	27	0.3	0	126	21	31	1	0	0.11	0.16	0.39	0.34	1	2	2	0	0	0	4	2	0	5	1	4	2	3	1	4	3	0	4	0	0.51	0.81622
8fpi_P_2	0.0	0.0		0	745.01	984.68	24.75	1.3217003798606728	0.25	0.52	204	60	17	0.26	0	142	27	33	2	0	0.21	0.16	0.13	0.5	0	0	0	4	1	1	4	0	0	3	7	6	3	1	2	0	1	0	2	3	0.44	0.860442
8fpi_P_3	0.0	0.0		0	724.51	1031.05	20.44	1.423099750175981	0.06	0.21	150	42	34	0.32	0	98	27	25	0	0	0.14	0.23	0.34	0.29	3	5	4	1	0	1	4	1	0	2	2	3	1	0	1	3	1	1	2	0	0.45	0.817893
8fpi_P_4	0.0	0.0		0	608.75	667.33	18.57	1.0962299794661192	0.09	0.2	166	50	11	0.28	0	114	19	30	3	0	0.08	0.11	0.32	0.49	2	1	2	2	0	0	1	4	0	7	4	3	3	1	0	2	3	0	1	1	0.36	0.8113520000000001
8fpi_P_5	0.0	0.0		0	479.86	878.85	19.28	1.8314716792397785	0.11	0.24	138	42	19	0.37	0	93	22	23	0	0	0.12	0.23	0.38	0.27	2	1	1	1	0	1	2	2	1	1	2	4	0	2	0	1	3	0	2	0	0.29	0.784185
8fpi_P_6	0.0	0.0		0	445.92	461.97	14.46	1.0359930032292788	0.25	0.4	88	22	11	0.37	0	62	15	11	0	0	0.11	0.11	0.17	0.61	2	1	1	2	0	2	0	0	0	1	4	1	1	1	2	0	0	0	0	0	0.26	0.708627
8fpi_P_7	0.0	0.0		0	442.87	701.69	13.62	1.5844152911689662	0.1	0.11	101	32	12	0.47	0	71	16	14	0	0	0.16	0.16	0.37	0.32	1	1	3	2	0	1	1	0	1	0	0	1	1	2	1	1	1	0	1	1	0.3	0.645684
8fpi_P_8	0.0	0.0		0	423.5	651.4	16.43	1.5381345926800472	0.12	0.16	97	26	21	0.32	0	67	18	12	0	0	0.11	0.21	0.26	0.42	0	2	1	2	0	0	0	0	0	3	4	2	0	0	0	1	2	1	1	0	0.23	0.7285149999999999
8fpi_P_9	0.0	0.0		0	419.82	594.14	15.82	1.415225572864561	0.07	0.13	104	30	7	0.5	0	75	10	16	3	0	0.12	0.04	0.38	0.46	2	0	1	1	2	1	2	2	1	3	1	0	1	1	0	1	1	0	2	4	0.3	0.717199
8fpi_P_10	0.0	0.0		0	373.87	630.0	15.49	1.6850777008050926	0.12	0.17	98	24	14	0.39	0	69	17	12	0	0	0.06	0.22	0.22	0.5	0	2	0	1	0	0	0	1	1	3	2	1	0	3	1	1	1	0	1	0	0.21	0.69299
8fpi_P_11	0.0	0.0		0	361.22	634.36	17.89	1.7561596810807818	0.11	0.32	110	30	15	0.29	0	78	17	15	0	0	0.13	0.17	0.26	0.43	0	0	3	2	0	1	1	0	1	1	5	3	2	1	0	1	0	0	1	1	0.16	0.741151
8fpi_P_12	0.0	0.0		0	358.49	555.15	13.1	1.5485787609138328	0.16	0.28	94	24	10	0.33	0	69	11	14	0	0	0.11	0.05	0.42	0.42	1	0	2	1	0	1	1	2	0	2	2	1	0	2	0	2	1	1	0	0	0.17	0.604536
8fpi_P_13	0.0	0.0		0	356.57	427.35	11.57	1.198502397846145	0.27	0.79	78	24	13	0.4	0	50	13	15	0	0	0.16	0.26	0.37	0.21	0	2	2	1	0	0	2	0	0	1	2	3	0	0	0	3	2	0	0	1	0.2	0.505478
8fpi_P_14	0.0	0.0		0	314.94	506.67	14.01	1.6087826252619548	0.12	0.15	67	26	15	0.23	0	44	10	13	0	0	0.05	0.26	0.37	0.32	0	2	0	1	0	2	0	1	1	0	2	2	0	0	1	1	2	0	1	3	0.09	0.591672
8fpi_P_15	0.0	0.0		0	289.81	481.49	17.52	1.6613988475207897	0.07	0.15	93	29	13	0.22	0	64	13	15	1	0	0.05	0.15	0.4	0.4	0	1	2	1	0	0	0	1	0	1	1	2	1	2	3	3	1	0	1	0	0.06	0.700138
8fpi_P_16	0.0	0.0		0	279.56	240.83	17.76	0.8614608670768351	0.06	0.1	104	28	9	0.16	0	70	17	17	0	0	0.13	0.22	0.39	0.26	0	4	0	0	0	1	3	1	0	1	2	1	0	1	1	6	0	0	1	1	0.03	0.6872090000000001
8fpi_P_17	0.0	0.0		0	276.84	194.81	14.63	0.7036916630544721	0.16	0.29	114	29	13	0.02	0	71	20	22	1	0	0.08	0.12	0.42	0.38	0	2	3	1	0	1	1	2	0	2	5	1	1	0	1	4	0	0	1	1	0.0	0.600186
8fpi_P_18	0.0	0.0		0	259.06	370.85	17.55	1.431521655215008	0.07	0.2	100	30	8	0.27	0	72	12	16	0	0	0.0	0.16	0.42	0.42	0	0	4	0	0	2	0	0	2	0	2	1	1	1	1	0	1	1	1	2	0.05	0.688062
8fpi_P_19	0.0	0.0		0	244.49	287.97	14.44	1.1778395844410816	0.17	0.21	68	14	8	0.24	0	55	6	7	0	0	0.0	0.0	0.33	0.67	0	0	3	0	0	1	0	0	0	2	6	0	0	1	1	0	1	1	1	1	0.02	0.593928
8fpi_P_20	0.0	0.0		0	232.32	373.32	11.87	1.6069214876033058	0.22	0.38	60	20	7	0.37	0	41	8	11	0	0	0.15	0.31	0.31	0.23	0	3	1	1	1	0	1	0	0	1	0	1	0	1	1	1	1	0	0	0	0.06	0.433745
8fpi_P_21	0.0	0.0		0	225.76	257.09	12.57	1.1387756909992912	0.25	0.36	87	28	13	0.07	0	61	14	12	0	0	0.06	0.19	0.5	0.25	1	1	2	1	0	1	0	0	1	0	1	1	0	0	1	2	1	1	2	0	0.0	0.461944
8fpi_P_22	0.0	0.0		0	222.08	341.56	13.22	1.5380043227665705	0.08	0.16	50	14	2	0.47	0	40	3	7	0	0	0.0	0.15	0.23	0.62	1	0	0	0	0	0	0	0	0	2	3	2	0	1	0	1	1	1	1	0	0.08	0.5332479999999999
8fpi_P_23	0.0	0.0		0	207.99	345.65	11.4	1.661858743208808	0.11	0.17	38	6	11	0.39	0	27	8	3	0	0	0.0	0.25	0.5	0.25	1	3	0	0	0	1	0	1	0	0	0	0	1	0	1	0	1	0	3	0	0.04	0.398959
8fpi_P_24	0.0	0.0		0	206.23	357.51	11.8	1.7335499199922415	0.11	0.12	50	10	5	0.64	0	39	5	6	0	0	0.0	0.08	0.42	0.5	1	0	1	0	0	1	0	1	0	1	3	1	0	1	0	2	0	0	0	0	0.14	0.456093
8fpi_P_25	0.0	0.0		0	205.75	323.56	10.5	1.5725880923450792	0.19	0.24	36	16	10	0.26	0	23	6	7	0	0	0.11	0.11	0.67	0.11	0	0	1	1	0	1	0	0	0	0	1	1	0	0	0	1	1	0	2	0	0.0	0.328046
8fpi_P_26	0.0	0.0		0	202.7	273.44	9.61	1.3489886531820423	0.34	0.69	65	11	10	0.45	0	47	10	7	1	0	0.0	0.13	0.27	0.6	2	1	1	0	0	2	0	0	0	2	0	1	1	2	0	1	0	1	0	1	0.06	0.376701
8fpi_P_27	0.0	0.0		0	198.54	401.78	10.22	2.023672811524126	0.24	0.48	53	19	8	0.39	0	36	7	9	1	0	0.08	0.15	0.23	0.54	0	0	0	0	0	0	1	1	0	1	5	2	1	0	0	2	0	0	0	0	0.03	0.390675
8fpi_P_28	0.0	0.0		0	187.81	227.68	10.16	1.2122890154943826	0.31	0.53	69	24	3	0.31	0	48	7	14	0	0	0.13	0.13	0.27	0.47	0	0	0	0	0	0	2	0	1	0	4	1	0	1	0	1	2	0	1	2	0.0	0.368747
8fpi_P_29	0.0	0.0		0	180.29	286.51	11.71	1.5891619058184037	0.18	0.46	69	23	8	0.09	0	44	12	12	1	0	0.11	0.28	0.28	0.33	0	3	1	0	0	2	2	0	1	0	2	1	1	1	1	0	1	0	1	1	0.0	0.405659
8fpi_P_30	0.0	0.0		0	174.84	305.08	9.92	1.7449096316632349	0.16	0.22	48	17	6	0.44	0	36	4	7	1	0	0.18	0.27	0.36	0.18	0	1	0	0	0	0	2	1	1	0	0	1	1	0	1	0	1	0	2	0	0.01	0.299178
8fpi_P_31	0.0	0.0		0	173.24	228.38	9.62	1.3182867697991223	0.33	0.38	45	12	12	0.14	0	27	10	8	0	0	0.2	0.3	0.3	0.2	0	3	1	0	0	1	2	0	0	0	0	0	0	1	0	0	1	0	0	1	0.0	0.290352
8fpi_P_32	0.0	0.0		0	171.16	339.45	9.48	1.9832320635662537	0.27	0.5	42	18	9	0.27	0	26	8	8	0	0	0.17	0.08	0.5	0.25	0	0	2	0	0	1	2	1	1	1	1	0	0	1	0	0	0	0	2	0	0.0	0.293871
8fpi_P_33	0.0	0.0		0	170.84	407.0	12.69	2.3823460547881057	0.11	0.3	72	24	12	0.14	0	46	12	13	1	0	0.31	0.12	0.25	0.31	0	1	1	3	0	1	2	0	1	1	3	0	1	0	0	1	1	0	0	0	0.0	0.435385
8fpi_P_34	0.0	0.0		0	165.4	492.83	9.17	2.97962515114873	0.21	0.29	48	24	5	0.51	0	31	7	10	0	0	0.11	0.11	0.22	0.56	0	0	0	1	0	0	0	0	0	0	4	1	0	1	0	2	0	0	0	0	0.03	0.324237
8fpi_P_35	0.0	0.0		0	154.19	166.37	12.86	1.0789934496400546	0.17	0.18	93	18	8	0.13	0	65	13	13	2	0	0.05	0.11	0.37	0.47	1	1	0	0	2	1	1	0	1	1	4	0	0	1	0	3	0	2	1	0	0.0	0.4510520000000001
8fpi_P_36	0.0	0.0		0	150.19	227.28	9.73	1.5132831746454491	0.28	0.33	38	16	5	0.16	0	27	4	7	0	0	0.23	0.0	0.38	0.38	0	0	1	2	1	1	1	0	0	1	1	0	1	1	0	0	0	0	2	1	0.0	0.310338
8fpi_P_37	0.0	0.0		0	142.02	325.16	7.77	2.2895366849739482	0.27	0.46	34	8	9	0.37	0	22	8	4	0	0	0.0	0.25	0.62	0.12	0	2	2	0	0	1	0	0	0	0	0	0	0	0	0	0	0	0	2	1	0.0	0.189378
8fpi_P_38	0.0	0.0		0	141.7	377.58	9.31	2.6646436132674665	0.29	0.62	49	16	8	0.43	0	34	7	8	0	0	0.18	0.18	0.27	0.36	0	0	0	1	0	0	1	1	0	1	3	2	0	0	0	0	1	0	1	0	0.0	0.28434
8fpi_P_39	0.0	0.0		0	138.66	292.99	8.02	2.113010240876965	0.57	0.87	39	8	7	0.52	0	25	8	6	0	0	0.0	0.1	0.2	0.7	2	1	0	0	0	0	0	1	0	1	0	0	0	0	2	0	1	1	0	1	0.0	0.271192
8fpi_P_40	0.0	0.0		0	137.7	249.25	10.14	1.8100944081336239	0.23	0.39	44	10	7	0.26	0	29	6	8	1	0	0.08	0.25	0.17	0.5	0	2	0	0	0	1	1	0	0	2	0	1	1	1	1	0	1	1	0	0	0.0	0.330926
8fpi_P_41	0.0	0.0		0	134.82	182.41	9.48	1.35298917074618	0.24	0.43	39	15	3	0.31	0	26	4	9	0	0	0.23	0.15	0.38	0.23	0	1	0	2	0	0	1	0	0	2	0	1	0	0	0	0	3	0	2	1	0.0	0.262394
8fpi_P_42	0.0	0.0		0	131.61	124.63	11.31	0.9469645163741356	0.24	0.37	70	21	6	0.07	0	47	10	12	1	0	0.06	0.11	0.33	0.5	0	0	1	0	0	2	1	1	2	2	1	0	1	2	2	0	2	1	0	0	0.0	0.368892
8fpi_P_43	0.0	0.0		0	130.17	163.42	9.25	1.2554352001229163	0.32	0.5	28	12	1	0.35	0	22	1	5	0	0	0.1	0.0	0.1	0.8	1	0	0	1	0	0	0	0	0	3	4	0	0	0	0	0	0	0	1	0	0.0	0.309016
8fpi_P_44	0.0	0.0		0	129.53	253.27	7.47	1.9552999305180268	0.32	0.52	41	14	4	0.4	0	30	4	7	0	0	0.08	0.17	0.42	0.33	0	0	0	0	0	0	1	1	1	0	3	1	0	1	0	2	1	0	1	0	0.0	0.20687
8fpi_P_45	0.0	0.0		0	125.21	174.52	11.67	1.3938183851130104	0.13	0.16	53	15	3	0.25	0	40	4	8	1	0	0.08	0.0	0.38	0.54	0	0	1	0	0	1	1	0	0	1	2	0	1	2	1	0	1	0	2	0	0.0	0.381812
8fpi_P_46	0.0	0.0		0	124.57	215.01	8.91	1.7260175002006903	0.29	0.43	43	14	3	0.29	0	32	4	7	0	0	0.11	0.11	0.22	0.56	2	0	0	1	0	1	0	0	0	0	0	1	0	1	1	0	0	1	1	0	0.0	0.279247
8fpi_P_47	0.0	0.0		0	117.68	174.02	11.14	1.4787559483344663	0.13	0.17	55	12	8	0.31	0	39	9	6	1	0	0.0	0.08	0.46	0.46	1	1	0	0	1	1	0	1	0	1	1	0	0	1	2	1	0	0	2	0	0.0	0.348042
8fpi_P_48	0.0	0.0		0	117.2	247.62	7.41	2.1127986348122865	0.31	0.44	36	8	5	0.32	0	23	7	6	0	0	0.0	0.22	0.44	0.33	0	1	2	0	0	1	0	1	0	0	0	1	0	2	1	0	0	0	0	0	0.0	0.196504
8fpi_P_49	0.0	0.0		0	116.72	363.58	7.85	3.114976010966416	0.14	0.18	47	18	4	0.46	0	32	4	11	0	0	0.2	0.1	0.5	0.2	1	1	0	0	0	1	2	0	0	0	1	0	0	0	0	1	2	0	1	0	0.0	0.189193
8fpi_P_50	0.0	0.0		0	112.08	190.42	7.16	1.6989650249821555	0.51	0.75	27	12	4	0.27	0	17	3	7	0	0	0.0	0.1	0.5	0.4	1	1	0	0	0	0	0	0	0	1	0	0	1	0	1	2	2	0	1	0	0.0	0.194449
8fpi_P_51	0.0	0.0		0	109.84	295.99	7.41	2.694737800437	0.44	0.83	33	6	3	0.7	0	26	4	3	0	0	0.0	0.14	0.14	0.71	0	0	0	0	0	0	0	1	1	1	1	0	0	0	1	0	0	0	0	2	0.02	0.227812
8fpi_P_52	0.0	0.0		0	107.6	131.99	8.31	1.2266728624535317	0.29	0.59	69	14	8	0.21	0	48	9	12	0	0	0.13	0.07	0.4	0.4	0	1	1	1	0	0	1	0	0	2	0	0	0	1	2	2	2	0	1	1	0.0	0.227425
8fpi_P_53	0.0	0.0		0	104.23	76.66	8.59	0.7354888227957401	0.31	0.49	50	10	0	0.09	0	42	3	5	0	0	0.08	0.0	0.23	0.69	2	0	0	0	0	0	1	0	0	3	1	0	0	2	0	1	1	0	1	1	0.0	0.260153
8fpi_P_54	0.0	0.0		0	101.67	244.57	8.64	2.4055276876167992	0.26	0.62	43	12	3	0.29	0	31	6	6	0	0	0.1	0.0	0.3	0.6	1	0	2	1	0	0	0	1	0	1	3	0	0	1	0	0	0	0	0	0	0.0	0.254245
8jp0_P_0	0.0	0.0		0	3243.36	3712.22	40.55	1.1445599625080165	0.32	0.5	646	191	53	0.44	0	453	76	112	5	0	0.14	0.09	0.3	0.47	11	4	5	6	2	3	12	5	2	8	10	5	3	10	1	9	6	3	7	13	0.66	0.808304
8jp0_P_1	0.0	0.0		0	816.15	1005.08	24.34	1.2314893095631931	0.1	0.25	222	75	21	0.25	0	154	27	39	2	0	0.12	0.12	0.35	0.4	4	1	0	4	2	1	2	6	2	4	3	3	0	1	3	1	4	1	3	3	0.48	0.8461209999999999
8jp0_P_2	0.0	0.0		0	563.03	971.65	14.32	1.7257517361419463	0.09	0.35	145	35	26	0.44	0	95	30	19	1	0	0.1	0.26	0.26	0.39	2	6	2	2	0	1	1	4	1	4	0	1	1	2	1	1	0	1	0	1	0.38	0.7229399999999999
8jp0_P_3	0.0	0.0		0	386.64	506.23	19.46	1.3093058141940823	0.23	0.42	164	36	12	0.14	0	124	21	19	0	0	0.18	0.12	0.12	0.58	0	1	0	0	0	0	6	0	1	3	6	2	0	3	3	0	3	0	1	4	0.13	0.7865770000000001
8jp0_P_4	0.0	0.0		0	366.89	640.38	10.47	1.745427784894655	0.15	0.47	78	26	21	0.4	0	51	14	12	1	0	0.06	0.18	0.47	0.29	0	3	1	0	1	2	1	0	0	0	0	0	1	0	2	2	1	0	1	2	0.21	0.492415
8jp0_P_5	0.0	0.0		0	355.05	587.94	17.09	1.6559357836924378	0.34	0.66	102	24	6	0.35	0	77	10	15	0	0	0.09	0.18	0.32	0.41	0	1	1	1	0	0	1	1	0	5	1	3	0	1	0	0	4	0	1	2	0.18	0.7176130000000001
8jp0_P_6	0.0	0.0		0	353.73	494.96	15.68	1.3992593220818137	0.16	0.43	78	30	9	0.33	0	51	11	16	0	0	0.14	0.1	0.33	0.43	2	0	0	2	0	0	1	1	1	0	1	1	0	2	1	5	1	0	0	3	0.17	0.681631
8jp0_P_7	0.0	0.0		0	343.95	474.36	7.73	1.3791539467945924	0.21	0.38	57	28	2	0.39	0	39	3	15	0	0	0.5	0.06	0.19	0.25	2	1	1	3	0	0	5	0	0	2	0	0	0	0	0	1	1	0	0	0	0.18	0.355793
8jp0_P_8	0.0	0.0		0	331.35	463.21	20.38	1.3979477893466121	0.09	0.14	120	32	9	0.23	0	88	13	19	0	0	0.07	0.0	0.33	0.59	4	0	0	1	0	0	1	3	0	1	4	0	0	1	2	3	2	1	1	3	0.11	0.78743
8jp0_P_9	0.0	0.0		0	290.35	362.92	13.71	1.2499397279145859	0.26	0.66	94	23	6	0.19	0	73	8	13	0	0	0.13	0.04	0.26	0.57	0	1	0	1	1	0	2	0	0	5	2	0	1	2	0	1	3	0	1	3	0.05	0.597464
8jp0_P_10	0.0	0.0		0	231.12	579.75	13.86	2.5084371754932504	0.14	0.28	74	24	12	0.36	0	50	12	12	0	0	0.08	0.31	0.38	0.23	0	2	0	0	0	1	1	2	0	1	1	2	0	0	1	0	1	0	1	0	0.05	0.514299
8jp0_P_11	0.0	0.0		0	196.14	381.27	10.76	1.943866625879474	0.19	0.22	57	13	0	0.72	0	44	5	7	1	0	0.0	0.0	0.17	0.83	0	0	0	0	0	0	0	1	0	0	2	0	1	3	0	1	0	0	0	4	0.15	0.425307
8jp0_P_12	0.0	0.0		0	161.16	219.75	8.3	1.3635517498138496	0.49	0.69	28	4	0	0.76	0	25	1	2	0	0	0.0	0.0	0.0	1.0	1	0	0	0	0	0	0	0	0	2	3	0	0	1	0	0	0	0	0	0	0.13	0.302792
8jp0_P_13	0.0	0.0		0	152.7	346.05	8.76	2.2662082514734783	0.37	0.62	44	12	4	0.61	0	32	6	6	0	0	0.11	0.22	0.22	0.44	1	0	0	0	0	0	1	0	1	0	0	1	0	0	0	1	1	0	0	3	0.05	0.285032
8jp0_P_14	0.0	0.0		0	144.05	334.22	9.55	2.320166608816383	0.44	0.7	45	14	5	0.46	0	30	6	9	0	0	0.17	0.08	0.17	0.58	3	0	0	0	0	1	2	1	1	0	0	0	0	1	0	0	0	0	0	3	0.0	0.322333
8jp0_P_15	0.0	0.0		0	139.54	386.66	13.03	2.7709617314031822	0.1	0.14	52	8	7	0.68	0	39	8	5	0	0	0.1	0.2	0.1	0.6	2	1	0	0	0	1	1	0	0	0	0	1	0	3	0	0	0	0	0	1	0.07	0.454354
8jp0_P_16	0.0	0.0		0	130.7	101.23	11.7	0.7745218056618209	0.13	0.39	69	18	5	0.0	0	42	7	20	0	0	0.12	0.0	0.65	0.24	1	0	4	1	0	0	1	0	0	2	0	0	0	0	0	6	1	0	0	1	0.0	0.346943
8jp0_P_17	0.0	0.0		0	127.5	281.89	8.06	2.2109019607843137	0.27	0.49	36	8	2	0.47	0	27	5	4	0	0	0.12	0.25	0.0	0.62	0	1	0	0	0	0	1	0	0	1	1	1	0	0	2	0	0	1	0	0	0.0	0.258279
8jp0_P_18	0.0	0.0		0	126.0	389.12	13.92	3.0882539682539685	0.07	0.12	66	26	8	0.32	0	43	10	13	0	0	0.12	0.12	0.38	0.38	1	1	0	1	0	0	1	5	0	1	2	1	0	0	1	0	0	0	1	1	0.0	0.459189
8jp0_P_19	0.0	0.0		0	122.61	319.32	7.56	2.6043552728162465	0.25	0.43	37	14	2	0.64	0	28	3	6	0	0	0.0	0.11	0.33	0.56	1	1	0	0	0	0	0	0	0	1	2	0	0	0	0	0	2	0	1	1	0.02	0.231762
8jp0_P_20	0.0	0.0		0	112.83	231.72	8.69	2.0537091199149162	0.36	0.49	37	12	3	0.44	0	25	5	7	0	0	0.0	0.27	0.45	0.27	1	1	1	0	0	1	0	2	0	0	1	2	1	0	0	0	1	0	0	0	0.0	0.225567
8jp0_P_21	0.0	0.0		0	105.5	236.82	8.22	2.244739336492891	0.19	0.37	27	8	2	0.67	0	22	1	4	0	0	0.0	0.0	0.22	0.78	0	0	0	0	0	0	0	0	0	1	2	0	0	2	0	1	0	0	1	2	0.0	0.25219
8qtk_P_0	0.0	0.0		0	1715.03	1857.8	30.69	1.0832463572065794	0.21	0.32	390	118	41	0.35	0	267	52	67	4	0	0.09	0.14	0.36	0.41	3	4	1	4	3	3	3	2	2	6	8	4	2	5	3	5	7	2	6	1	0.63	0.805917
8qtk_P_1	0.0	0.0		0	481.68	748.94	12.12	1.5548496927420694	0.11	0.86	101	30	15	0.46	0	66	17	18	0	0	0.05	0.15	0.5	0.3	0	1	1	0	0	2	1	2	1	2	2	1	0	1	0	3	1	0	1	1	0.33	0.617366
8qtk_P_2	0.0	0.0		0	454.24	774.93	15.24	1.7059924269108842	0.05	0.14	122	30	18	0.38	0	84	19	19	0	0	0.12	0.16	0.32	0.4	1	2	2	2	0	1	1	2	0	2	1	2	0	4	0	0	1	1	2	1	0.27	0.709399
8qtk_P_3	0.0	0.0		0	444.13	625.78	15.55	1.4090018688221917	0.11	0.27	103	33	17	0.42	0	70	15	16	2	0	0.12	0.17	0.33	0.38	0	0	1	1	1	2	2	2	1	0	3	3	2	3	1	1	1	0	0	0	0.28	0.709752
8qtk_P_4	0.0	0.0		0	290.81	367.62	13.66	1.2641243423541144	0.31	0.64	73	18	9	0.31	0	52	9	11	1	0	0.07	0.14	0.36	0.43	0	1	0	0	1	0	1	0	0	1	3	1	0	0	2	2	1	0	1	0	0.1	0.581842
8qtk_P_5	0.0	0.0		0	248.57	359.58	15.67	1.4465945206581647	0.11	0.24	101	26	10	0.2	0	67	18	16	0	0	0.0	0.21	0.32	0.47	0	2	2	0	0	2	0	1	1	1	3	1	0	2	2	0	1	1	0	0	0.01	0.626501
8qtk_P_6	0.0	0.0		0	189.9	310.31	9.59	1.6340705634544497	0.16	0.26	44	16	1	0.47	0	33	3	7	1	0	0.15	0.08	0.31	0.46	1	0	0	2	1	0	0	0	0	1	2	1	0	0	2	1	1	0	1	0	0.05	0.350294
8qtk_P_7	0.0	0.0		0	167.3	253.09	10.86	1.5127913927077106	0.23	0.29	62	20	7	0.31	0	45	7	10	0	0	0.08	0.08	0.38	0.46	0	0	1	1	0	0	0	0	1	1	3	0	0	1	1	1	1	0	2	0	0.0	0.378508
8qtk_P_8	0.0	0.0		0	142.38	217.55	8.03	1.52795336423655	0.36	0.56	41	5	0	0.78	0	33	3	4	1	0	0.14	0.0	0.14	0.71	0	0	0	1	0	0	0	0	0	0	1	0	1	0	1	0	0	1	1	1	0.11	0.275496
8qtk_P_9	0.0	0.0		0	141.28	250.73	7.18	1.7747027180067951	0.27	0.5	32	12	5	0.37	0	24	3	5	0	0	0.18	0.09	0.27	0.45	1	0	0	1	0	0	1	1	0	2	0	1	0	1	1	0	1	0	1	0	0.0	0.222955
8qtk_P_10	0.0	0.0		0	140.12	226.48	7.95	1.6163288609763058	0.47	0.78	37	12	2	0.3	0	27	4	6	0	0	0.3	0.2	0.2	0.3	0	0	1	2	0	0	1	0	0	0	1	2	0	0	1	0	0	1	1	0	0.0	0.224747
8qtk_P_11	0.0	0.0		0	121.0	234.68	9.31	1.939504132231405	0.36	0.49	39	11	3	0.42	0	28	4	6	1	0	0.11	0.11	0.22	0.56	3	0	0	1	0	1	0	0	0	1	0	1	1	0	0	0	1	0	0	0	0.0	0.290546
8qtk_P_12	0.0	0.0		0	120.23	313.07	9.23	2.6039258088663395	0.29	0.72	42	16	8	0.23	0	23	10	9	0	0	0.27	0.27	0.27	0.18	0	3	1	2	0	1	1	1	0	0	1	0	0	1	0	0	0	0	0	0	0.0	0.233385
8uk6_P_0	0.0	0.0		0	1254.08	1480.68	20.2	1.1806902270987498	0.07	0.19	290	82	42	0.31	0	201	43	44	2	0	0.07	0.16	0.34	0.43	0	4	2	0	0	2	4	3	2	6	4	3	2	3	3	5	4	1	3	5	0.61	0.801908
8uk6_P_1	0.0	0.0		0	808.5	846.45	29.15	1.0469387755102042	0.07	0.2	197	62	29	0.29	0	132	31	30	4	0	0.07	0.18	0.4	0.36	1	4	2	3	2	3	0	2	3	1	5	1	2	3	2	4	2	1	3	1	0.49	0.8619389999999999
8uk6_P_2	0.0	0.0		0	704.11	965.52	18.28	1.37126301288151	0.2	0.56	169	48	18	0.3	0	121	21	25	2	0	0.09	0.14	0.31	0.46	1	1	2	1	0	1	2	1	0	4	1	4	2	2	5	2	3	0	2	1	0.43	0.813399
8uk6_P_3	0.0	0.0		0	427.75	582.36	19.63	1.3614494447691408	0.1	0.19	102	36	10	0.28	0	66	16	19	1	0	0.18	0.21	0.36	0.25	0	2	4	2	1	0	3	3	0	1	3	4	1	0	1	1	1	1	0	0	0.21	0.778875
8uk6_P_4	0.0	0.0		0	337.23	559.13	17.65	1.6580078877917148	0.13	0.2	76	20	4	0.6	0	56	8	12	0	0	0.06	0.17	0.33	0.44	0	0	2	0	0	0	1	1	0	0	3	3	0	0	1	2	1	0	0	4	0.26	0.7273430000000001
8uk6_P_5	0.0	0.0		0	300.03	693.62	16.91	2.311835483118355	0.1	0.35	114	51	15	0.2	0	74	17	23	0	0	0.32	0.18	0.27	0.23	1	1	2	2	0	0	5	0	2	0	0	1	0	2	2	0	1	0	3	0	0.06	0.662127
8uk6_P_6	0.0	0.0		0	292.81	494.61	13.28	1.6891841125644615	0.1	0.18	64	22	9	0.43	0	46	7	11	0	0	0.07	0.07	0.4	0.47	2	1	1	0	0	1	1	0	0	2	1	0	0	2	0	2	1	0	1	0	0.15	0.574661
8uk6_P_7	0.0	0.0		0	248.73	395.66	9.18	1.5907208619788529	0.35	0.52	48	14	3	0.55	0	39	2	7	0	0	0.0	0.0	0.42	0.58	1	0	0	0	0	1	0	2	0	1	1	0	1	3	0	1	0	0	1	0	0.15	0.40105
8uk6_P_8	0.0	0.0		0	222.95	455.55	14.8	2.0432832473648803	0.14	0.25	88	26	6	0.37	0	60	14	12	2	0	0.11	0.33	0.22	0.33	2	4	0	1	2	0	1	0	1	0	1	1	0	0	0	1	0	1	1	2	0.05	0.5635789999999999
8uk6_P_9	0.0	0.0		0	212.34	522.22	12.16	2.4593576339832346	0.11	0.18	66	22	10	0.48	0	43	12	11	0	0	0.14	0.07	0.43	0.36	0	1	1	0	0	0	2	2	0	0	2	0	1	1	0	1	2	0	0	1	0.08	0.455306
8uk6_P_10	0.0	0.0		0	205.29	340.75	11.7	1.6598470456427494	0.2	0.33	53	18	3	0.4	0	38	6	9	0	0	0.09	0.18	0.27	0.45	0	0	1	0	0	0	1	0	2	0	3	0	0	1	0	1	0	0	1	1	0.04	0.445724
8uk6_P_11	0.0	0.0		0	196.69	442.1	11.33	2.2476994254918914	0.13	0.32	49	18	8	0.28	0	36	6	7	0	0	0.18	0.27	0.18	0.36	0	0	1	0	0	0	2	0	1	2	0	2	0	0	1	0	0	0	1	1	0.0	0.408965
8uk6_P_12	0.0	0.0		0	173.76	340.58	9.38	1.9600598526703497	0.34	0.79	45	12	12	0.27	0	26	11	6	2	0	0.08	0.31	0.38	0.23	0	3	0	1	2	0	0	1	1	0	0	0	0	0	1	0	2	0	0	2	0.0	0.288108
8uk6_P_13	0.0	0.0		0	152.77	232.59	7.48	1.5224847810433986	0.51	0.65	52	14	4	0.36	0	37	7	8	0	0	0.0	0.09	0.55	0.36	1	0	1	0	1	1	0	2	0	0	0	1	0	1	1	0	0	1	1	0	0.0	0.228695
8uk6_P_14	0.0	0.0		0	150.99	255.65	8.17	1.6931584873170409	0.33	0.83	39	5	8	0.46	0	29	6	3	1	0	0.0	0.4	0.1	0.5	0	3	0	0	0	0	0	0	0	1	1	1	1	0	2	0	0	0	1	0	0.0	0.269303
8uk6_P_15	0.0	0.0		0	149.28	418.7	10.65	2.804796355841372	0.2	0.27	48	16	6	0.51	0	34	6	8	0	0	0.09	0.18	0.18	0.55	1	0	1	1	0	0	0	0	0	0	0	2	0	1	3	0	0	0	1	1	0.01	0.362724
8uk6_P_16	0.0	0.0		0	145.64	299.26	7.51	2.0547926393847846	0.47	0.68	45	8	7	0.57	0	33	7	5	0	0	0.0	0.11	0.56	0.33	0	1	1	0	0	0	0	0	0	0	1	0	0	0	2	0	2	0	2	0	0.03	0.219648
8uk6_P_17	0.0	0.0		0	117.35	253.74	10.3	2.16224968044312	0.14	0.19	51	16	6	0.29	0	37	6	8	0	0	0.0	0.17	0.5	0.33	0	1	0	0	0	0	0	2	0	1	2	1	0	0	0	1	3	0	0	1	0.0	0.29708
8uk6_P_18	0.0	0.0		0	105.28	191.16	10.14	1.8157294832826747	0.14	0.33	49	10	4	0.42	0	36	6	6	1	0	0.09	0.18	0.27	0.45	1	0	1	0	0	0	1	1	1	2	0	1	1	0	0	0	0	0	1	1	0.0	0.297582
8uk6_P_19	0.0	0.0		0	104.22	315.33	8.77	3.0256188831318367	0.3	0.43	35	10	4	0.46	0	28	2	5	0	0	0.0	0.2	0.2	0.6	0	0	0	0	0	0	0	0	0	2	1	2	0	1	1	1	0	0	1	1	0.0	0.261029
8v81_P_0	0.0	0.0		0	1034.3	1014.4	20.92	0.9807599342550516	0.3	0.47	205	64	17	0.28	0	150	23	31	1	0	0.04	0.06	0.24	0.66	5	2	1	1	1	3	1	2	0	6	3	1	3	7	1	2	2	1	1	7	0.6	0.8217
8v81_P_1	0.0	0.0		0	862.71	1179.05	23.56	1.3666817354615106	0.21	0.59	183	53	17	0.46	0	131	25	26	1	0	0.11	0.05	0.32	0.52	0	1	0	3	1	2	2	4	0	3	6	1	2	2	3	4	3	3	0	4	0.59	0.8429459999999999
8v81_P_2	0.0	0.0		0	831.51	892.42	17.19	1.0732522759798442	0.08	0.21	170	62	28	0.21	0	108	33	29	0	0	0.13	0.18	0.44	0.26	2	1	0	3	1	2	2	5	4	1	3	2	0	1	1	6	3	0	0	2	0.47	0.7764260000000001
8v81_P_3	0.0	0.0		0	796.76	889.75	31.12	1.1167101762136653	0.06	0.25	182	56	16	0.22	0	136	18	27	1	0	0.11	0.14	0.32	0.43	2	3	1	1	1	3	4	2	1	3	6	2	0	3	3	3	1	0	3	2	0.45	0.8678600000000001
8v81_P_4	0.0	0.0		0	649.27	856.43	17.29	1.3190660280006776	0.12	0.53	138	44	17	0.33	0	92	22	23	1	0	0.13	0.13	0.3	0.43	1	2	0	0	0	1	4	3	1	3	5	1	1	0	1	2	2	1	1	1	0.4	0.795325
8v81_P_5	0.0	0.0		0	594.68	785.22	14.76	1.3204076141790544	0.16	0.34	128	48	13	0.34	0	88	15	23	2	0	0.07	0.17	0.27	0.5	3	2	0	2	2	1	0	1	0	1	4	3	0	2	1	2	0	2	2	2	0.37	0.7548090000000001
8v81_P_6	0.0	0.0		0	563.71	659.37	20.99	1.1696971847226407	0.06	0.15	104	31	2	0.51	0	79	9	15	1	0	0.09	0.09	0.22	0.61	2	1	2	1	0	0	1	1	0	3	3	1	1	4	0	1	1	1	0	0	0.41	0.83765
8v81_P_7	0.0	0.0		0	439.15	574.43	18.94	1.308049641352613	0.14	0.3	92	30	4	0.32	0	64	10	17	1	0	0.1	0.05	0.2	0.65	1	0	1	0	0	0	2	0	0	5	4	1	1	1	0	2	1	0	0	1	0.24	0.7922939999999999
8v81_P_8	0.0	0.0		0	389.99	527.11	14.03	1.3515987589425371	0.17	0.61	95	36	17	0.24	0	62	15	18	0	0	0.08	0.25	0.33	0.33	1	3	3	2	0	0	0	0	0	1	4	3	1	1	0	5	0	0	0	0	0.17	0.6360319999999999
8v81_P_9	0.0	0.0		0	378.64	588.61	14.55	1.5545372913585465	0.2	0.55	89	19	5	0.65	0	67	9	12	1	0	0.0	0.11	0.32	0.58	2	2	1	0	0	2	0	1	0	0	1	0	2	1	1	0	1	1	1	3	0.32	0.676847
8v81_P_10	0.0	0.0		0	363.05	633.94	19.76	1.7461506679520729	0.07	0.09	89	32	13	0.37	0	65	10	14	0	0	0.05	0.0	0.48	0.48	1	0	2	1	0	2	0	0	0	1	5	0	1	0	1	4	1	0	1	1	0.19	0.782877
8v81_P_11	0.0	0.0		0	358.55	491.77	14.71	1.3715520847859433	0.19	0.27	73	32	19	0.29	0	45	14	13	1	0	0.05	0.16	0.74	0.05	0	1	0	1	1	2	0	4	1	1	0	1	0	0	0	3	2	0	2	0	0.16	0.579486
8v81_P_12	0.0	0.0		0	283.16	360.35	15.47	1.2726020624381975	0.11	0.12	48	12	4	0.59	0	40	3	5	0	0	0.07	0.07	0.2	0.67	0	1	0	1	0	0	0	0	0	3	4	0	1	1	0	1	0	0	2	1	0.2	0.649675
8v81_P_13	0.0	0.0		0	277.48	425.27	17.15	1.5326149632405937	0.13	0.26	107	32	8	0.22	0	75	14	18	0	0	0.05	0.05	0.23	0.68	4	1	0	0	0	1	1	2	0	1	3	0	1	2	0	1	0	0	1	4	0.05	0.694592
8v81_P_14	0.0	0.0		0	267.08	414.82	15.07	1.5531675902351356	0.1	0.19	83	30	10	0.18	0	51	14	18	0	0	0.18	0.24	0.29	0.29	1	3	1	2	0	0	1	0	0	2	2	1	0	0	0	3	1	0	0	0	0.03	0.5959300000000001
8v81_P_15	0.0	0.0		0	258.1	470.57	14.21	1.8232080588919024	0.14	0.28	72	22	6	0.33	0	55	6	10	1	0	0.11	0.17	0.11	0.61	0	1	0	1	1	0	1	1	1	2	5	1	1	2	0	0	0	0	0	1	0.08	0.594188
8v81_P_16	0.0	0.0		0	255.5	232.56	17.26	0.9102152641878668	0.07	0.15	79	11	3	0.07	0	67	7	4	1	0	0.0	0.12	0.12	0.76	0	1	0	0	0	0	0	0	1	3	5	0	1	3	0	0	1	1	1	0	0.0	0.6830229999999999
8v81_P_17	0.0	0.0		0	238.96	477.45	10.05	1.9980331436223635	0.26	0.61	51	16	7	0.34	0	37	7	7	0	0	0.17	0.17	0.17	0.5	0	2	0	0	0	0	2	1	0	1	3	0	0	1	0	0	0	0	1	1	0.06	0.415296
8v81_P_18	0.0	0.0		0	222.65	327.43	13.4	1.4706040871322703	0.14	0.32	58	18	6	0.52	0	46	4	8	0	0	0.0	0.0	0.31	0.69	2	0	0	0	0	1	0	1	0	0	1	0	1	5	0	1	0	0	1	0	0.11	0.542938
8v81_P_19	0.0	0.0		0	209.41	362.76	10.69	1.7322954968721649	0.17	0.25	38	8	4	0.65	0	29	4	5	0	0	0.0	0.0	0.33	0.67	2	0	0	0	0	1	0	0	0	4	1	0	0	0	0	1	1	0	1	1	0.14	0.430814
8v81_P_20	0.0	0.0		0	204.92	310.25	10.89	1.5140054655475308	0.29	0.67	60	13	1	0.36	0	47	4	8	1	0	0.0	0.0	0.07	0.93	2	0	0	0	0	0	0	0	0	4	2	0	1	1	0	0	1	0	0	3	0.03	0.435187
8v81_P_21	0.0	0.0		0	203.27	225.45	15.9	1.1091159541496531	0.06	0.16	88	20	6	0.07	0	67	8	13	0	0	0.0	0.0	0.41	0.59	1	0	0	0	0	1	0	0	0	3	4	0	0	2	2	3	4	1	1	0	0.0	0.610788
8v81_P_22	0.0	0.0		0	193.81	314.86	9.8	1.6245807749858112	0.26	0.38	41	6	0	0.85	0	34	2	5	0	0	0.0	0.0	0.1	0.9	0	0	0	0	0	0	0	1	0	3	1	0	0	2	0	0	0	0	0	3	0.2	0.386469
8v81_P_23	0.0	0.0		0	189.09	279.53	12.29	1.4782907610132738	0.15	0.25	60	20	6	0.3	0	42	9	9	0	0	0.13	0.27	0.27	0.33	0	3	1	2	0	0	0	1	0	2	0	1	0	2	0	1	0	0	1	1	0.0	0.437325
8v81_P_24	0.0	0.0		0	186.96	283.52	10.8	1.516474112109542	0.31	0.47	55	16	7	0.28	0	37	10	8	0	0	0.18	0.36	0.09	0.36	0	1	0	0	0	1	2	0	2	2	2	1	0	0	0	0	0	0	0	0	0.0	0.378147
8v81_P_25	0.0	0.0		0	184.83	312.53	8.77	1.6909051560893793	0.48	0.71	36	10	1	0.68	0	28	3	5	0	0	0.0	0.11	0.11	0.78	1	1	0	0	0	0	0	0	0	2	2	0	0	1	0	1	0	0	0	1	0.12	0.342523
8v81_P_26	0.0	0.0		0	179.87	303.23	11.42	1.685828654027909	0.23	0.27	53	19	7	0.19	0	35	8	9	1	0	0.15	0.23	0.15	0.46	2	3	0	2	0	0	0	0	0	1	1	0	1	0	1	0	1	0	1	0	0.0	0.413129
8v81_P_27	0.0	0.0		0	178.92	218.96	11.42	1.2237871674491394	0.17	0.28	46	4	4	0.56	0	36	7	3	0	0	0.18	0.18	0.18	0.45	0	1	0	1	0	0	1	0	1	1	2	0	0	1	0	1	0	1	1	0	0.07	0.411362
8v81_P_28	0.0	0.0		0	168.05	284.35	7.5	1.6920559357334126	0.29	0.56	39	12	5	0.26	0	29	4	6	0	0	0.22	0.33	0.0	0.44	0	0	0	0	0	0	2	0	0	0	3	3	0	0	0	0	0	1	0	0	0.0	0.25267
8v81_P_29	0.0	0.0		0	152.92	298.63	7.77	1.9528511640073245	0.42	0.48	41	6	0	0.81	0	33	3	5	0	0	0.0	0.0	0.0	1.0	3	0	0	0	0	0	0	0	0	1	2	0	0	1	1	0	0	0	0	2	0.13	0.278412
8v81_P_30	0.0	0.0		0	150.8	276.59	7.57	1.8341511936339518	0.35	0.5	43	15	4	0.27	0	30	5	7	1	0	0.0	0.3	0.3	0.4	0	1	0	0	0	0	0	0	0	0	1	2	1	0	0	1	0	0	2	2	0.0	0.235587
8v81_P_31	0.0	0.0		0	142.76	251.63	7.02	1.7626085738302046	0.27	0.3	31	14	5	0.39	0	21	4	6	0	0	0.11	0.11	0.22	0.56	0	1	1	0	0	0	1	0	0	0	3	0	1	0	1	1	0	0	0	0	0.0	0.230415
8v81_P_32	0.0	0.0		0	137.09	285.89	8.09	2.085418338317893	0.54	0.7	36	14	5	0.5	0	26	4	6	0	0	0.0	0.29	0.43	0.29	0	1	1	0	0	0	0	0	0	0	0	1	0	1	0	1	1	1	0	0	0.0	0.224843
8v81_P_33	0.0	0.0		0	131.65	158.63	9.38	1.2049373338397265	0.41	0.55	57	24	5	0.06	0	36	9	11	1	0	0.06	0.12	0.38	0.44	1	1	0	1	1	1	0	1	1	0	2	0	0	1	3	2	0	0	1	0	0.0	0.289154
8v81_P_34	0.0	0.0		0	130.94	185.58	8.61	1.4172903619978616	0.22	0.3	36	6	1	0.61	0	29	3	4	0	0	0.0	0.12	0.12	0.75	0	0	0	0	0	0	0	0	0	0	2	1	0	2	1	1	0	1	0	0	0.02	0.286745
8v81_P_35	0.0	0.0		0	128.34	216.58	8.13	1.6875486987688952	0.46	0.6	37	18	6	0.25	0	25	4	8	0	0	0.11	0.11	0.44	0.33	0	1	0	1	0	1	0	0	0	0	1	0	1	0	0	1	1	1	1	0	0.0	0.227662
8v81_P_36	0.0	0.0		0	125.98	149.36	10.8	1.1855850134942054	0.14	0.25	54	18	4	0.0	0	39	6	9	0	0	0.0	0.08	0.38	0.54	0	1	0	0	0	0	0	2	0	3	2	0	0	1	1	1	2	0	0	0	0.0	0.349694
8v81_P_37	0.0	0.0		0	112.03	307.18	8.13	2.7419441221101493	0.3	0.65	36	12	8	0.23	0	23	7	5	1	0	0.18	0.18	0.45	0.18	1	1	0	0	1	2	2	1	0	0	1	1	0	0	0	0	1	0	0	0	0.0	0.191793
8v81_P_38	0.0	0.0		0	108.72	229.31	9.68	2.1091795437821927	0.14	0.2	33	8	4	0.2	0	24	4	4	1	0	0.0	0.2	0.3	0.5	1	1	1	0	1	1	0	0	0	0	2	1	0	1	0	0	0	0	0	1	0.0	0.288252
8v81_P_39	0.0	0.0		0	105.18	194.26	6.83	1.8469290739684348	0.53	0.65	20	6	0	0.65	0	16	1	2	1	0	0.0	0.0	0.17	0.83	0	0	0	0	1	0	0	0	0	1	4	0	0	0	0	0	0	0	0	0	0.0	0.21051
8v81_P_40	0.0	0.0		0	104.0	195.07	5.43	1.8756730769230767	0.4	0.66	32	10	1	0.48	0	25	3	4	0	0	0.14	0.14	0.14	0.57	0	0	0	1	0	0	0	0	0	2	1	1	0	0	1	0	0	0	1	0	0.0	0.158082
8v81_P_41	0.0	0.0		0	102.58	154.23	10.14	1.5035094560343143	0.2	0.3	50	7	0	0.3	0	41	4	4	1	0	0.0	0.0	0.1	0.9	0	0	0	0	0	1	0	0	0	2	1	0	1	4	0	0	0	0	0	1	0.0	0.312495
8v81_P_42	0.0	0.0		0	101.16	262.98	6.6	2.599644128113879	0.38	0.46	25	8	7	0.32	0	17	4	4	0	0	0.12	0.25	0.25	0.38	1	0	1	0	0	0	1	0	0	0	0	2	1	0	1	0	0	0	1	0	0.0	0.167966
8y6w_P_0	0.0	0.0		0	1566.53	1896.6	26.73	1.2107013590547258	0.18	0.62	272	93	31	0.43	0	192	34	43	3	0	0.04	0.12	0.41	0.43	3	3	1	0	3	2	2	0	1	4	2	2	0	5	0	5	2	1	7	6	0.66	0.810776
8y6w_P_1	0.0	0.0		0	256.32	432.77	15.44	1.6883973158551808	0.11	0.18	63	12	2	0.73	0	48	5	9	1	0	0.0	0.0	0.25	0.75	3	0	0	0	1	0	0	0	0	1	5	0	0	1	0	3	0	1	0	1	0.23	0.632096
8y6w_P_2	0.0	0.0		0	192.64	324.7	9.71	1.6855274086378738	0.28	0.35	53	6	0	0.82	0	42	5	6	0	0	0.0	0.0	0.08	0.92	4	0	0	0	0	0	0	1	0	2	2	0	0	0	1	0	0	1	0	2	0.19	0.381361
8y6w_P_3	0.0	0.0		0	168.38	263.68	7.21	1.5659817080413352	0.18	0.19	44	12	1	0.61	0	35	2	7	0	0	0.11	0.11	0.44	0.33	0	1	0	0	0	1	1	0	0	0	1	0	0	1	1	1	0	0	2	0	0.07	0.22635
8y6w_P_4	0.0	0.0		0	158.98	338.16	15.94	2.12706000754812	0.06	0.1	74	26	7	0.31	0	52	10	12	0	0	0.07	0.33	0.27	0.33	0	3	0	1	0	0	0	1	1	0	3	1	0	0	2	2	0	0	1	0	0.0	0.5627989999999999
8y6w_P_5	0.0	0.0		0	138.56	212.87	12.07	1.5363019630484989	0.1	0.19	57	8	5	0.43	0	42	6	8	1	0	0.0	0.09	0.55	0.36	2	1	0	0	1	0	0	0	0	0	1	0	0	1	0	1	2	0	2	0	0.0	0.389631
8y6w_P_6	0.0	0.0		0	138.5	126.29	9.89	0.9118411552346568	0.18	0.47	70	10	5	0.06	0	53	7	10	0	0	0.06	0.06	0.38	0.5	1	1	2	1	0	0	0	0	0	1	3	0	0	3	0	1	2	0	1	0	0.0	0.321792
8y6w_P_7	0.0	0.0		0	119.1	189.6	7.98	1.5919395465994963	0.25	0.46	30	13	4	0.19	0	20	3	7	0	0	0.14	0.14	0.29	0.43	0	0	1	0	0	0	1	0	0	0	1	1	0	1	1	1	0	0	0	0	0.0	0.228942
8y6w_P_8	0.0	0.0		0	101.18	79.99	6.88	0.7905712591421229	0.4	0.56	63	12	2	0.0	0	42	7	14	0	0	0.13	0.0	0.4	0.47	2	0	1	2	0	0	0	0	0	1	3	0	0	1	0	4	1	0	0	0	0.0	0.186218
9dol_P_0	0.0	0.0		0	2098.86	2702.68	37.87	1.2876895076374792	0.1	0.19	411	124	52	0.41	0	276	62	69	4	0	0.16	0.14	0.23	0.47	2	7	2	8	4	1	5	4	1	4	7	3	2	6	7	3	4	1	1	9	0.65	0.808225
9dol_P_1	0.0	0.0		0	830.76	713.63	27.49	0.8590086186142809	0.09	0.17	234	66	24	0.15	0	160	36	38	0	0	0.08	0.08	0.24	0.59	0	2	3	1	0	1	3	3	0	5	2	2	3	7	4	2	2	2	1	6	0.45	0.8580469999999999
9dol_P_2	0.0	0.0		0	295.02	457.95	10.27	1.5522676428716695	0.21	0.72	62	30	10	0.22	0	40	8	14	0	0	0.18	0.12	0.35	0.35	1	1	0	1	0	0	2	0	0	0	1	1	0	1	2	3	2	0	1	1	0.06	0.444718
9dol_P_3	0.0	0.0		0	280.91	482.34	15.77	1.7170624043287883	0.08	0.6	126	34	11	0.36	0	86	17	23	0	0	0.23	0.2	0.27	0.3	0	3	1	3	1	0	4	2	1	0	3	2	1	1	1	2	1	1	1	2	0.11	0.628586
9dol_P_4	0.0	0.0		0	261.06	308.83	16.28	1.1829847544625756	0.15	0.2	81	26	8	0.24	0	57	11	13	0	0	0.05	0.14	0.19	0.62	3	1	0	1	0	1	0	2	1	1	1	1	2	2	1	1	0	0	0	3	0.04	0.658592
9dol_P_5	0.0	0.0		0	215.49	459.67	9.67	2.133138428697387	0.15	0.22	59	20	8	0.39	0	37	10	12	0	0	0.07	0.14	0.43	0.36	0	2	0	0	0	0	1	2	0	1	1	0	0	1	1	3	0	1	1	0	0.05	0.353824
9dol_P_6	0.0	0.0		0	175.04	252.52	8.2	1.4426416819012795	0.31	0.52	47	20	5	0.26	0	32	6	9	0	0	0.17	0.17	0.5	0.17	0	1	0	2	0	0	0	2	1	0	0	0	0	1	0	2	0	1	2	0	0.0	0.232938
9dol_P_7	0.0	0.0		0	169.8	176.58	9.65	1.0399293286219082	0.34	0.51	45	14	4	0.33	0	33	5	7	0	0	0.18	0.18	0.18	0.45	0	1	1	0	0	0	2	0	0	0	1	1	0	3	0	1	0	0	0	1	0.0	0.334237
9dol_P_8	0.0	0.0		0	150.07	414.6	9.02	2.762710734990338	0.14	0.23	51	22	6	0.48	0	33	7	11	0	0	0.15	0.08	0.46	0.31	3	0	0	1	0	1	1	0	1	0	0	0	1	0	0	4	1	0	0	0	0.0	0.27115700000000004
9dol_P_9	0.0	0.0		0	149.82	365.23	8.2	2.437792017087172	0.47	0.81	39	10	3	0.63	0	32	4	3	0	0	0.0	0.2	0.1	0.7	0	0	0	0	0	0	0	0	1	2	2	1	0	1	0	0	0	0	1	2	0.06	0.287125
9dol_P_10	0.0	0.0		0	146.08	254.38	7.79	1.7413745892661554	0.44	0.47	39	14	7	0.19	0	25	7	7	0	0	0.18	0.09	0.36	0.36	0	1	1	1	0	0	1	1	0	1	1	0	0	1	0	1	1	0	0	1	0.0	0.233973
9dol_P_11	0.0	0.0		0	145.95	213.48	9.82	1.4626927029804728	0.19	0.38	54	6	7	0.35	0	38	10	6	0	0	0.08	0.15	0.31	0.46	0	2	0	0	0	0	1	0	0	1	2	0	0	1	0	0	2	0	2	2	0.0	0.32105700000000004
9dol_P_12	0.0	0.0		0	141.08	456.97	8.21	3.23908420754182	0.32	0.41	37	14	13	0.32	0	25	5	7	0	0	0.0	0.33	0.56	0.11	0	1	1	0	0	0	0	1	0	0	0	2	0	0	1	2	0	0	1	0	0.0	0.199758
9dol_P_13	0.0	0.0		0	139.58	302.13	7.14	2.164565123943258	0.31	0.39	49	10	5	0.5	0	36	7	5	1	0	0.0	0.2	0.1	0.7	1	1	0	0	0	0	0	1	0	1	1	1	1	3	0	0	0	0	0	0	0.0	0.243138
9dol_P_14	0.0	0.0		0	137.21	284.54	7.56	2.073755557175133	0.29	0.37	32	8	8	0.33	0	22	6	4	0	0	0.25	0.38	0.0	0.38	0	1	0	1	0	0	1	0	0	1	0	2	0	0	1	0	0	0	0	1	0.0	0.221579
9dol_P_15	0.0	0.0		0	135.59	273.5	8.38	2.0171104063721508	0.28	0.31	31	10	4	0.48	0	23	3	5	0	0	0.0	0.25	0.38	0.38	1	0	0	0	0	1	0	0	0	0	0	2	1	0	1	1	0	0	1	0	0.0	0.247729
9dol_P_16	0.0	0.0		0	134.96	241.9	11.11	1.7923829282750443	0.2	0.41	71	22	5	0.25	0	53	8	10	0	0	0.12	0.18	0.24	0.47	1	1	0	0	0	0	2	1	0	3	3	2	0	0	0	0	2	0	1	1	0.0	0.35985900000000004
9dol_P_17	0.0	0.0		0	133.96	250.47	7.82	1.869737234995521	0.17	0.25	36	10	1	0.54	0	28	3	5	0	0	0.0	0.25	0.12	0.62	0	0	0	0	0	0	0	0	0	1	0	2	0	1	3	0	1	0	0	0	0.0	0.25569899999999995
9dol_P_18	0.0	0.0		0	118.86	289.68	7.43	2.4371529530540132	0.42	0.49	35	18	6	0.11	0	21	6	8	0	0	0.25	0.38	0.25	0.12	1	1	0	0	0	0	2	0	0	0	0	2	0	0	0	1	1	0	0	0	0.0	0.165448
9dol_P_19	0.0	0.0		0	117.36	214.27	8.38	1.8257498295841847	0.48	0.65	51	10	7	0.29	0	36	8	6	1	0	0.09	0.18	0.27	0.45	0	0	0	0	1	1	1	1	0	1	0	2	1	2	1	0	0	0	0	0	0.0	0.244134
9dol_P_20	0.0	0.0		0	111.12	92.72	10.61	0.8344132469402448	0.16	0.42	70	14	8	0.0	0	51	10	9	0	0	0.06	0.0	0.12	0.82	3	0	1	0	0	0	1	0	0	0	2	0	2	4	2	1	0	0	0	1	0.0	0.339327
9dol_P_21	0.0	0.0		0	107.0	326.76	9.18	3.0538317757009343	0.21	0.34	54	8	5	0.54	0	39	9	5	1	0	0.0	0.27	0.18	0.55	0	1	0	0	0	0	0	2	0	2	1	2	2	1	0	0	0	0	0	0	0.0	0.272979
9dol_P_22	0.0	0.0		0	104.75	264.08	8.27	2.5210501193317416	0.1	0.22	28	6	4	0.57	0	21	4	3	0	0	0.11	0.33	0.22	0.33	0	1	0	0	0	0	1	0	1	1	0	1	0	1	0	0	0	0	2	1	0.0	0.21519
9dol_P_23	0.0	0.0		0	103.0	196.11	6.1	1.903980582524272	0.47	0.82	28	2	4	0.57	0	24	3	1	0	0	0.0	0.29	0.14	0.57	0	0	1	0	0	0	0	0	0	2	1	2	0	1	0	0	0	0	0	0	0.0	0.175189
9dol_P_24	0.0	0.0		0	102.38	262.31	6.34	2.5621215081070523	0.26	0.31	33	17	4	0.36	0	19	4	7	3	0	0.1	0.1	0.5	0.3	0	0	0	1	4	0	0	0	1	0	0	0	1	1	0	0	0	1	1	0	0.0	0.15245
9ebs_P_0	0.0	0.0		0	2613.95	3788.87	29.59	1.4494806710151305	0.35	0.65	510	173	62	0.44	0	356	68	83	3	0	0.11	0.08	0.41	0.4	2	2	4	4	4	6	6	5	3	5	15	3	1	6	3	8	5	0	7	6	0.66	0.806373
9ebs_P_1	0.0	0.0		0	390.66	447.98	16.23	1.1467260533456205	0.26	0.74	131	34	9	0.1	0	98	14	18	1	0	0.04	0.04	0.31	0.62	0	0	0	1	1	4	0	1	1	3	5	0	0	5	1	0	1	0	1	2	0.11	0.7250840000000001
9ebs_P_2	0.0	0.0		0	245.7	417.69	15.05	1.7000000000000002	0.12	0.26	84	24	5	0.42	0	64	8	11	1	0	0.06	0.12	0.35	0.47	0	0	1	0	1	1	1	0	0	1	3	2	0	0	2	0	3	1	0	1	0.1	0.6041770000000001
9ebs_P_3	0.0	0.0		0	179.07	316.15	8.21	1.7655106941419556	0.17	0.33	47	14	7	0.36	0	32	7	8	0	0	0.09	0.27	0.18	0.45	0	0	0	0	0	0	1	1	0	0	3	3	0	1	0	0	1	0	0	1	0.0	0.288027
9ebs_P_4	0.0	0.0		0	150.46	283.85	9.1	1.8865479197128805	0.35	0.44	31	6	4	0.55	0	24	4	3	0	0	0.22	0.11	0.11	0.56	1	0	0	1	0	1	1	0	0	1	0	1	0	1	1	0	0	0	0	1	0.02	0.30845900000000004
9ebs_P_5	0.0	0.0		0	133.12	344.05	8.96	2.5845102163461537	0.29	0.43	48	22	8	0.29	0	30	7	8	3	0	0.08	0.08	0.67	0.17	1	1	1	0	3	0	1	0	0	0	1	0	0	0	0	1	2	0	1	0	0.0	0.230279
9ebs_P_6	0.0	0.0		0	126.02	267.42	8.72	2.122044119980956	0.29	0.64	39	8	4	0.37	0	31	3	5	0	0	0.0	0.2	0.2	0.6	0	1	0	0	0	0	0	0	0	1	3	1	0	0	1	1	1	1	0	0	0.0	0.27765500000000004
9ebs_P_7	0.0	0.0		0	115.9	246.52	6.89	2.1270060396893875	0.64	0.74	32	10	8	0.18	0	21	6	5	0	0	0.11	0.11	0.22	0.56	1	1	0	0	0	0	1	0	0	0	2	0	0	0	0	2	0	1	0	1	0.0	0.205846
9fsj_P_0	0.0	0.0		0	1009.22	1237.23	21.25	1.2259269534888328	0.07	0.21	230	59	19	0.39	0	172	25	31	2	0	0.04	0.09	0.27	0.6	1	2	1	2	1	2	0	3	2	5	9	0	3	4	1	2	1	0	2	4	0.64	0.818923
9fsj_P_1	0.0	0.0		0	987.56	1320.5	21.66	1.337133946291871	0.09	0.25	203	75	24	0.39	0	137	28	37	1	0	0.15	0.12	0.32	0.4	1	2	2	3	0	1	3	5	1	3	7	2	1	1	2	0	1	0	4	1	0.63	0.805643
9fsj_P_2	0.0	0.0		0	427.26	559.15	15.22	1.3086879183635256	0.25	0.47	115	29	11	0.29	0	81	16	17	1	0	0.04	0.12	0.29	0.54	0	2	1	1	0	3	0	1	1	3	1	0	1	4	2	1	1	1	0	1	0.22	0.713178
9fsj_P_3	0.0	0.0		0	271.84	474.5	10.83	1.7455120659211305	0.14	0.23	55	6	10	0.61	0	43	8	4	0	0	0.0	0.18	0.27	0.55	0	1	1	0	0	2	0	0	0	1	2	1	0	0	1	0	0	0	0	2	0.2	0.479707
9fsj_P_4	0.0	0.0		0	242.47	452.79	11.97	1.867406277065204	0.08	0.14	62	18	5	0.45	0	45	8	9	0	0	0.15	0.23	0.23	0.38	0	1	1	0	0	1	2	1	2	0	3	0	1	0	0	0	0	1	0	0	0.1	0.476512
9fsj_P_5	0.0	0.0		0	229.59	512.66	11.88	2.232936974606908	0.04	0.1	75	24	8	0.41	0	55	9	11	0	0	0.12	0.12	0.31	0.44	0	0	0	1	0	0	1	0	1	2	3	1	0	0	1	1	2	0	2	1	0.07	0.470762
9fsj_P_6	0.0	0.0		0	192.29	295.74	11.72	1.537989495033543	0.26	0.32	61	24	8	0.16	0	41	8	12	0	0	0.0	0.06	0.62	0.31	0	1	1	0	1	1	0	1	0	1	2	0	0	0	1	2	3	0	1	1	0.0	0.412433
9fsj_P_7	0.0	0.0		0	162.92	359.81	8.95	2.2085072428185613	0.1	0.2	55	14	5	0.54	0	41	7	7	0	0	0.21	0.07	0.43	0.29	0	0	2	2	0	0	1	1	1	1	1	0	0	2	0	1	0	0	2	0	0.04	0.274378
9fsj_P_8	0.0	0.0		0	112.6	280.65	7.04	2.4924511545293067	0.52	0.74	31	8	5	0.43	0	22	4	5	0	0	0.0	0.14	0.29	0.57	1	0	0	0	0	0	0	0	0	0	1	1	0	0	0	1	1	1	0	1	0.0	0.209332
9fsj_P_9	0.0	0.0		0	110.48	265.38	9.66	2.4020637219406225	0.21	0.28	47	8	9	0.37	0	31	10	6	0	0	0.0	0.38	0.25	0.38	0	3	1	0	0	0	0	0	0	0	1	0	0	1	1	0	1	0	0	0	0.0	0.273631
9fsj_P_10	0.0	0.0		0	102.9	301.03	7.5	2.925461613216715	0.35	0.39	38	10	0	0.58	0	32	1	5	0	0	0.12	0.25	0.0	0.62	0	0	0	0	0	0	1	0	1	0	2	1	0	1	1	0	0	0	0	1	0.0	0.22013
9mfs_P_0	0.0	0.0		0	1411.73	1504.51	21.9	1.065720782302565	0.26	0.3	274	78	32	0.33	0	190	39	43	2	0	0.09	0.11	0.22	0.58	2	3	1	1	1	2	4	2	1	6	10	2	1	2	5	4	2	1	0	5	0.62	0.818545
9mfs_P_1	0.0	0.0		0	1338.68	1477.23	36.8	1.1034974751247495	0.06	0.13	274	82	30	0.35	0	186	45	43	0	0	0.12	0.16	0.21	0.5	7	3	3	1	0	0	6	2	2	2	7	4	1	5	3	1	5	0	1	3	0.63	0.808958
9mfs_P_2	0.0	0.0		0	847.22	1020.93	18.07	1.2050352918958476	0.24	0.66	141	59	18	0.39	0	90	21	28	2	0	0.18	0.21	0.27	0.33	1	4	2	1	0	2	5	0	2	1	2	1	2	1	1	1	4	1	0	2	0.55	0.796767
9mfs_P_3	0.0	0.0		0	674.47	887.73	29.16	1.3161890076652778	0.04	0.12	165	42	24	0.33	0	110	28	27	0	0	0.06	0.22	0.39	0.33	0	5	1	1	1	3	1	1	1	3	2	2	0	2	1	6	1	1	1	3	0.42	0.8834200000000001
9mfs_P_4	0.0	0.0		0	531.71	744.39	20.4	1.3999924771021797	0.09	0.26	131	44	18	0.31	0	84	23	24	0	0	0.12	0.12	0.48	0.27	2	2	0	1	1	2	3	3	1	3	1	1	1	1	0	4	5	0	1	1	0.31	0.809671
9mfs_P_5	0.0	0.0		0	531.58	561.57	14.39	1.0564167199668912	0.29	0.75	118	32	9	0.36	0	82	16	20	0	0	0.1	0.1	0.26	0.55	4	0	0	1	0	0	2	2	2	1	3	1	1	3	2	3	3	0	0	3	0.33	0.734853
9mfs_P_6	0.0	0.0		0	467.33	634.56	14.79	1.3578413540752787	0.33	0.4	146	34	13	0.36	0	104	16	26	0	0	0.15	0.04	0.33	0.48	2	0	1	4	1	2	0	1	0	0	4	1	0	2	0	0	3	2	1	3	0.28	0.7135050000000001
9mfs_P_7	0.0	0.0		0	452.8	652.81	16.43	1.4417181978798586	0.07	0.14	121	32	14	0.3	0	87	16	18	0	0	0.22	0.19	0.15	0.44	2	3	0	1	0	3	5	0	0	1	7	2	0	1	0	1	0	0	0	1	0.25	0.740731
9mfs_P_8	0.0	0.0		0	407.75	770.46	8.13	1.889540159411404	0.17	0.33	88	34	23	0.21	0	53	19	16	0	0	0.15	0.2	0.45	0.2	0	3	2	1	0	3	2	3	0	2	2	1	0	0	0	1	0	0	0	0	0.17	0.405148
9mfs_P_9	0.0	0.0		0	315.38	356.77	13.38	1.131238505929355	0.14	0.15	73	16	6	0.39	0	53	9	11	0	0	0.18	0.18	0.12	0.53	0	2	0	1	0	0	2	0	1	3	1	0	0	1	2	2	0	1	0	1	0.15	0.600107
9mfs_P_10	0.0	0.0		0	306.18	442.1	12.81	1.4439218760206416	0.23	0.67	85	28	8	0.31	0	58	13	14	0	0	0.1	0.1	0.3	0.5	1	1	1	1	0	0	1	2	0	1	2	1	0	0	1	0	1	0	2	5	0.11	0.571966
9mfs_P_11	0.0	0.0		0	299.65	467.8	16.58	1.5611546804605374	0.09	0.16	83	32	10	0.21	0	58	10	15	0	0	0.14	0.09	0.36	0.41	0	1	2	0	2	1	3	0	0	0	3	1	0	2	3	2	1	1	0	0	0.07	0.678797
9mfs_P_12	0.0	0.0		0	291.92	470.51	12.68	1.6117771992326664	0.22	0.61	75	21	16	0.35	0	47	16	11	1	0	0.12	0.12	0.41	0.35	0	2	3	2	0	0	0	1	0	1	2	0	1	0	2	1	2	0	0	0	0.12	0.5352210000000001
9mfs_P_13	0.0	0.0		0	289.78	558.74	11.59	1.9281523914693908	0.21	0.54	54	17	16	0.3	0	34	12	7	1	0	0.0	0.15	0.38	0.46	1	2	1	0	0	2	0	0	0	2	0	0	1	0	2	1	1	0	0	0	0.09	0.511055
9mfs_P_14	0.0	0.0		0	282.72	350.37	12.7	1.2392826825127334	0.16	0.26	63	26	12	0.16	0	40	11	12	0	0	0.13	0.2	0.47	0.2	2	2	0	0	0	1	2	2	0	0	0	1	0	0	0	0	3	0	1	1	0.03	0.5
9mfs_P_15	0.0	0.0		0	168.88	168.33	10.85	0.9967432496447184	0.31	0.71	64	12	4	0.2	0	48	7	9	0	0	0.06	0.12	0.35	0.47	0	2	0	1	0	1	0	0	0	2	2	0	0	0	2	3	2	0	0	2	0.0	0.380741
9mfs_P_16	0.0	0.0		0	166.49	271.35	11.21	1.629827617274311	0.24	0.44	59	14	5	0.3	0	45	6	8	0	0	0.15	0.08	0.23	0.54	0	1	1	1	0	1	1	0	0	3	3	0	0	0	0	0	0	0	1	1	0.0	0.40164
9mfs_P_17	0.0	0.0		0	155.29	327.05	7.56	2.106059630368988	0.25	0.4	37	8	3	0.5	0	28	4	5	0	0	0.11	0.11	0.22	0.56	0	0	1	1	0	0	0	0	0	2	1	1	0	1	1	0	0	0	1	0	0.01	0.25819200000000003
9mfs_P_18	0.0	0.0		0	143.96	224.23	12.37	1.5575854404001108	0.16	0.23	74	20	8	0.18	0	49	14	11	0	0	0.11	0.11	0.28	0.5	2	2	1	1	0	0	1	2	0	3	1	0	0	1	0	0	2	0	0	2	0.0	0.424425
9mfs_P_19	0.0	0.0		0	141.83	213.57	10.84	1.505816822957061	0.16	0.24	58	16	4	0.26	0	41	8	9	0	0	0.07	0.07	0.36	0.5	2	0	1	0	1	1	1	1	1	0	0	0	0	0	4	1	0	1	0	0	0.0	0.358281
9mfs_P_20	0.0	0.0		0	141.56	264.04	6.99	1.8652161627578407	0.48	0.82	31	8	0	0.7	0	26	1	4	0	0	0.0	0.0	0.12	0.88	2	0	1	0	0	0	0	0	0	0	3	0	1	0	0	0	0	0	0	1	0.07	0.245899
9mfs_P_21	0.0	0.0		0	139.29	293.42	13.14	2.1065403115801566	0.1	0.14	47	13	5	0.36	0	34	6	5	2	0	0.22	0.22	0.11	0.44	1	2	0	0	1	0	2	0	0	0	0	0	1	2	0	0	0	0	0	0	0.0	0.446557
9mfs_P_22	0.0	0.0		0	135.43	392.07	10.98	2.8950011075832527	0.16	0.21	51	12	14	0.32	0	33	12	6	0	0	0.0	0.45	0.27	0.27	0	2	0	0	0	0	0	1	1	1	1	2	0	0	0	1	0	0	1	1	0.0	0.328473
9mfs_P_23	0.0	0.0		0	129.83	248.3	6.95	1.9125009627975045	0.6	0.81	35	6	5	0.45	0	27	5	3	0	0	0.0	0.11	0.44	0.44	1	0	1	0	0	0	0	1	0	0	1	1	0	0	1	0	1	1	1	0	0.0	0.205935
9mfs_P_24	0.0	0.0		0	129.16	295.15	6.36	2.2851502013007123	0.47	0.57	33	6	7	0.48	0	23	6	4	0	0	0.17	0.33	0.17	0.33	0	0	0	0	0	0	1	0	0	0	0	2	0	0	0	0	1	1	0	1	0.0	0.173675
9mfs_P_25	0.0	0.0		0	128.76	252.61	10.38	1.9618670394532467	0.22	0.23	38	6	1	0.63	0	29	6	3	0	0	0.14	0.29	0.0	0.57	0	1	0	1	0	0	0	0	1	1	2	0	0	0	1	0	0	0	0	0	0.03	0.338931
9mfs_P_26	0.0	0.0		0	128.5	209.04	7.17	1.6267704280155642	0.39	0.53	45	13	3	0.54	0	33	5	6	1	0	0.0	0.18	0.45	0.36	1	2	2	0	0	0	0	1	0	0	0	0	1	1	0	1	0	0	1	1	0.0	0.201286
9mfs_P_27	0.0	0.0		0	127.43	218.94	7.11	1.7181197520207172	0.53	0.94	35	10	0	0.52	0	23	4	8	0	0	0.11	0.11	0.22	0.56	0	1	0	1	0	1	0	0	0	1	1	0	0	0	2	1	0	0	0	1	0.0	0.221419
9mfs_P_28	0.0	0.0		0	124.63	281.68	5.16	2.2601299847548746	0.62	0.89	31	14	8	0.15	0	19	6	6	0	0	0.12	0.12	0.5	0.25	1	1	0	1	0	2	0	0	0	0	1	0	0	0	0	2	0	0	0	0	0.0	0.129218
9mfs_P_29	0.0	0.0		0	115.83	221.02	7.22	1.9081412414745749	0.51	0.74	36	12	1	0.38	0	27	3	6	0	0	0.09	0.09	0.09	0.73	1	1	0	0	0	0	1	1	0	0	4	0	0	0	1	0	0	0	0	2	0.0	0.227677
9mfs_P_30	0.0	0.0		0	110.9	192.53	8.56	1.7360685302073942	0.3	0.56	35	12	3	0.25	0	26	3	6	0	0	0.12	0.0	0.5	0.38	0	0	0	0	0	2	1	1	0	1	1	0	0	1	0	0	0	0	1	0	0.0	0.235209
9mfs_P_31	0.0	0.0		0	110.63	214.07	7.19	1.9350085871825	0.41	0.69	35	16	4	0.2	0	25	3	7	0	0	0.0	0.1	0.4	0.5	1	0	1	0	0	0	0	1	0	1	0	1	0	0	2	1	0	0	1	1	0.0	0.205537
9o2m_P_0	0.0	0.0		0	520.51	617.77	17.88	1.1868551997079786	0.08	0.12	79	24	5	0.55	0	58	9	12	0	0	0.05	0.14	0.24	0.57	1	1	0	0	0	0	1	1	1	1	3	1	0	2	0	2	1	1	1	4	0.4	0.792977
9o2m_P_1	0.0	0.0		0	429.57	616.85	14.95	1.4359708545755059	0.13	0.4	118	17	10	0.58	0	88	16	13	1	0	0.0	0.12	0.28	0.6	1	2	2	0	0	1	0	3	0	2	2	1	1	3	3	0	1	1	0	2	0.33	0.711911
9o2m_P_2	0.0	0.0		0	385.54	750.42	14.64	1.9464128235721323	0.09	0.13	133	35	23	0.34	0	87	28	18	0	0	0.08	0.32	0.2	0.4	2	4	0	2	0	1	0	1	2	0	4	2	1	0	0	1	0	0	2	3	0.2	0.6610229999999999
9o2m_P_3	0.0	0.0		0	343.3	394.9	11.44	1.1503058549373724	0.14	0.21	54	6	5	0.69	0	46	5	3	0	0	0.0	0.06	0.12	0.81	1	1	0	0	0	1	0	0	0	1	6	0	1	1	1	1	0	0	0	2	0.3	0.575451
9o2m_P_4	0.0	0.0		0	293.25	456.23	16.33	1.5557715260017049	0.1	0.16	76	18	10	0.44	0	57	10	9	0	0	0.0	0.06	0.47	0.47	1	1	3	0	0	0	0	0	0	0	5	0	0	0	0	3	0	1	2	1	0.15	0.670081
9o2m_P_5	0.0	0.0		0	245.7	154.83	16.38	0.6301587301587303	0.11	0.35	141	22	4	0.04	0	101	17	22	1	0	0.07	0.11	0.39	0.43	1	1	1	2	0	0	0	1	1	0	4	1	1	2	1	3	2	2	4	1	0.0	0.643145
9o2m_P_6	0.0	0.0		0	206.78	405.78	8.64	1.9623754715156203	0.15	0.17	64	18	4	0.53	0	47	8	9	0	0	0.0	0.23	0.23	0.54	0	0	1	0	0	1	0	0	0	0	3	3	0	0	3	0	1	0	0	1	0.09	0.339121
9o2m_P_7	0.0	0.0		0	198.14	448.07	12.3	2.2613808418290096	0.2	0.28	75	29	10	0.34	0	46	11	16	2	0	0.13	0.13	0.67	0.07	0	0	2	1	2	0	1	2	0	1	0	2	0	0	0	0	3	0	1	0	0.01	0.383252
9o2m_P_8	0.0	0.0		0	189.5	452.85	9.51	2.389709762532981	0.09	0.14	61	26	8	0.38	0	37	11	13	0	0	0.08	0.15	0.46	0.31	2	0	2	1	1	0	0	1	0	1	0	2	0	1	0	0	1	0	1	0	0.01	0.320681
9o2m_P_9	0.0	0.0		0	173.57	232.66	9.98	1.3404390159589792	0.34	0.39	51	13	4	0.35	0	36	7	7	1	0	0.08	0.17	0.17	0.58	0	0	0	1	0	0	0	0	0	0	2	2	1	0	2	1	1	1	0	1	0.0	0.361889
9o2m_P_10	0.0	0.0		0	159.87	394.45	9.75	2.467317195221117	0.27	0.39	48	12	6	0.36	0	34	7	7	0	0	0.1	0.3	0.2	0.4	0	1	0	0	0	0	1	2	0	0	1	2	0	0	1	0	0	0	0	2	0.0	0.321563
9o2m_P_11	0.0	0.0		0	158.14	195.12	9.07	1.2338434298722651	0.51	0.65	42	6	4	0.52	0	33	4	5	0	0	0.0	0.2	0.3	0.5	0	1	1	0	0	0	0	0	0	0	3	1	0	0	2	0	0	0	2	0	0.02	0.307999
9o2m_P_12	0.0	0.0		0	146.24	278.42	12.03	1.9038566739606129	0.18	0.26	73	20	10	0.12	0	49	13	11	0	0	0.0	0.19	0.38	0.44	0	2	1	0	0	1	0	1	0	0	4	1	0	1	1	3	0	0	0	1	0.0	0.405611
9o2m_P_13	0.0	0.0		0	146.05	236.67	10.23	1.6204724409448816	0.38	0.64	31	7	0	0.77	0	27	1	2	1	0	0.11	0.0	0.11	0.78	0	0	0	1	0	0	0	0	0	0	1	0	1	2	1	0	0	1	1	1	0.11	0.35517
9o2m_P_14	0.0	0.0		0	113.73	268.43	8.1	2.3602391629297457	0.51	0.83	42	12	5	0.32	0	30	5	7	0	0	0.12	0.12	0.25	0.5	1	0	1	1	0	0	0	0	0	1	2	1	0	0	0	0	0	0	1	0	0.0	0.237
9o2m_P_15	0.0	0.0		0	113.22	189.0	7.61	1.669316375198728	0.52	0.72	36	8	7	0.21	0	23	8	5	0	0	0.11	0.33	0.56	0.0	0	1	1	0	0	1	1	1	2	0	0	0	0	0	0	0	0	0	2	0	0.0	0.145492
9prs_P_0	0.0	0.0		0	1187.98	909.2	29.74	0.7653327497095911	0.13	0.33	267	84	12	0.31	0	191	26	44	6	0	0.03	0.02	0.36	0.59	2	0	2	2	3	0	0	7	0	5	6	1	4	6	2	5	2	3	3	8	0.61	0.810507
9prs_P_1	0.0	0.0		0	895.14	1120.89	22.45	1.2521951873449964	0.1	0.25	190	56	17	0.41	0	138	24	28	0	0	0.05	0.1	0.34	0.51	5	1	0	2	0	0	0	5	2	2	1	1	0	2	3	5	1	3	3	5	0.59	0.8342370000000001
9prs_P_2	0.0	0.0		0	301.66	286.47	23.42	0.9496452960286416	0.04	0.06	131	22	7	0.22	0	97	13	19	2	0	0.07	0.03	0.2	0.7	4	1	1	0	1	0	2	0	0	2	3	0	2	3	1	3	0	2	1	4	0.07	0.824644
9prs_P_3	0.0	0.0		0	290.2	466.69	13.69	1.6081667815299794	0.06	0.14	86	32	10	0.24	0	54	15	17	0	0	0.21	0.16	0.32	0.32	0	3	0	1	0	3	3	2	0	1	2	0	1	0	1	0	1	0	0	1	0.07	0.564642
9prs_P_4	0.0	0.0		0	286.21	489.83	10.57	1.7114356591314068	0.23	0.26	56	19	13	0.26	0	33	12	11	0	0	0.21	0.36	0.14	0.29	1	4	0	1	0	1	2	0	0	0	1	1	0	0	1	0	0	0	1	1	0.07	0.434765
9prs_P_5	0.0	0.0		0	230.36	304.17	15.49	1.3204115297794756	0.08	0.2	79	18	6	0.33	0	59	11	8	1	0	0.11	0.28	0.22	0.39	1	2	0	0	1	1	2	1	2	0	3	1	0	1	1	0	0	0	1	1	0.04	0.6008979999999999
9prs_P_6	0.0	0.0		0	199.55	367.41	7.54	1.8411926835379604	0.16	0.24	38	16	0	0.7	0	26	4	6	2	0	0.0	0.08	0.33	0.58	1	1	0	0	0	0	0	3	0	1	1	0	2	0	0	1	0	0	0	2	0.15	0.297744
9prs_P_7	0.0	0.0		0	180.2	140.22	13.45	0.7781354051054384	0.16	0.22	74	11	5	0.16	0	53	6	14	1	0	0.0	0.0	0.53	0.47	2	0	0	0	0	0	0	1	0	0	3	0	1	1	0	7	1	1	1	1	0.0	0.5
9prs_P_8	0.0	0.0		0	174.6	227.86	11.39	1.3050400916380298	0.13	0.25	55	20	8	0.0	0	31	11	13	0	0	0.29	0.36	0.21	0.14	0	5	2	2	0	0	2	0	0	1	0	0	0	1	0	1	0	0	0	0	0.0	0.348843
9prs_P_9	0.0	0.0		0	142.0	268.36	9.28	1.8898591549295776	0.34	0.55	49	12	2	0.5	0	36	6	6	1	0	0.0	0.2	0.1	0.7	0	0	0	0	0	0	0	0	1	1	1	1	1	1	1	0	1	1	0	1	0.0	0.318304
9prs_P_10	0.0	0.0		0	121.46	190.35	14.29	1.5671826115593612	0.05	0.18	68	16	1	0.5	0	50	4	13	1	0	0.0	0.0	0.47	0.53	2	0	0	0	1	0	0	3	0	0	1	0	1	4	0	0	3	0	1	1	0.0	0.485238
9prs_P_11	0.0	0.0		0	101.69	236.89	9.38	2.3295309273281544	0.27	0.37	55	4	5	0.74	0	42	9	4	0	0	0.1	0.2	0.2	0.5	0	0	0	0	0	1	1	0	2	0	2	0	0	1	0	0	0	2	1	0	0.03	0.271662
9oul_P_0	0.0	0.0		0	1223.67	1521.3	19.33	1.2432273407046015	0.09	0.39	243	84	25	0.37	0	167	34	38	4	0	0.06	0.11	0.3	0.54	4	3	1	2	3	1	1	2	0	7	9	3	3	1	3	4	5	1	0	1	0.64	0.810649
9oul_P_1	0.0	0.0		0	1117.34	1542.01	24.66	1.3800723146043283	0.1	0.45	258	86	33	0.33	0	178	40	38	2	0	0.08	0.13	0.23	0.57	3	2	0	2	0	3	2	2	3	3	11	2	3	2	3	2	3	0	2	5	0.62	0.818621
9oul_P_2	0.0	0.0		0	345.34	502.38	16.46	1.4547402559796143	0.05	0.1	84	24	11	0.27	0	56	14	14	0	0	0.18	0.18	0.24	0.41	0	3	0	2	0	1	1	2	0	3	1	0	0	0	3	0	0	0	1	0	0.13	0.697315
9oul_P_3	0.0	0.0		0	330.48	540.97	11.01	1.6369220527717259	0.12	0.49	64	18	10	0.5	0	47	8	9	0	0	0.11	0.06	0.33	0.5	2	0	0	1	1	0	1	0	0	2	1	1	0	1	2	2	1	0	2	1	0.21	0.526583
9oul_P_4	0.0	0.0		0	273.34	307.01	12.91	1.1231799224409162	0.19	0.32	78	10	6	0.54	0	60	11	7	0	0	0.06	0.12	0.35	0.47	1	0	1	0	0	0	1	0	2	0	0	0	0	2	1	2	2	3	1	1	0.17	0.548346
9oul_P_5	0.0	0.0		0	237.05	383.89	13.29	1.6194473739717359	0.16	0.36	61	16	5	0.51	0	45	6	10	0	0	0.17	0.17	0.5	0.17	0	1	0	2	0	2	0	0	0	0	0	1	0	1	0	1	1	1	2	0	0.12	0.480739
9oul_P_6	0.0	0.0		0	224.93	487.77	15.08	2.168541323967456	0.09	0.19	96	24	21	0.26	0	60	21	15	0	0	0.11	0.28	0.33	0.28	1	3	0	1	0	1	1	1	2	2	1	0	0	1	0	0	3	0	1	0	0.01	0.567004
9oul_P_7	0.0	0.0		0	204.99	253.9	16.79	1.238597004731938	0.07	0.21	91	16	7	0.15	0	73	8	8	2	0	0.0	0.05	0.05	0.91	1	1	0	0	0	0	0	0	0	2	6	0	3	1	2	0	0	0	1	5	0.0	0.625739
9oul_P_8	0.0	0.0		0	168.83	242.65	12.5	1.4372445655392998	0.14	0.25	75	26	8	0.03	0	51	9	14	1	0	0.0	0.05	0.47	0.47	2	0	0	0	1	0	0	1	1	0	2	0	1	2	2	2	4	0	1	0	0.0	0.4490560000000001
9oul_P_9	0.0	0.0		0	161.59	335.92	11.51	2.078841512469831	0.16	0.23	61	15	11	0.19	0	41	9	10	1	0	0.27	0.45	0.09	0.18	0	2	0	2	0	0	1	0	0	0	0	3	1	0	0	1	0	1	0	0	0.0	0.352581
9oul_P_10	0.0	0.0		0	144.98	301.18	12.16	2.0773899848254933	0.16	0.2	53	19	5	0.38	0	36	7	8	2	0	0.0	0.27	0.45	0.27	0	1	0	0	1	2	0	0	1	0	1	1	1	1	0	2	0	0	0	0	0.0	0.383332
9oul_P_11	0.0	0.0		0	119.31	247.22	5.95	2.072081133182466	0.24	0.44	34	8	5	0.24	0	25	4	5	0	0	0.11	0.22	0.22	0.44	0	0	0	1	0	1	0	0	1	1	1	1	0	0	1	0	1	0	0	1	0.0	0.169904
9oul_P_12	0.0	0.0		0	110.25	313.71	10.89	2.845442176870748	0.27	0.35	32	8	3	0.45	0	23	4	5	0	0	0.25	0.0	0.5	0.25	0	0	1	1	0	1	1	1	0	1	0	0	1	0	0	1	0	0	0	0	0.0	0.300653
9oul_P_13	0.0	0.0		0	108.42	351.06	8.53	3.2379634753735482	0.33	0.48	44	4	3	0.73	0	37	4	3	0	0	0.0	0.33	0.17	0.5	0	1	0	0	0	0	0	0	0	0	0	1	0	1	1	0	0	1	1	0	0.03	0.247165
9oul_P_14	0.0	0.0		0	102.49	257.74	7.7	2.5147819299443848	0.46	0.67	37	9	6	0.53	0	27	4	5	1	0	0.11	0.11	0.33	0.44	0	0	1	1	0	0	0	1	0	0	1	1	1	1	1	0	0	0	1	0	0.0	0.209381
